===== Batch 1 =====
--- Second Dimension Index 0 of Element 0 ---
tensor([[[[ 1.3457e-01, -3.6167e-02,  9.8975e-01],
          [ 9.2127e-02, -3.3263e-02,  9.5850e-01],
          [ 1.3212e-01,  1.0707e-01,  1.0000e+00],
          ...,
          [ 4.8142e-02, -2.4038e-01,  8.7109e-01],
          [ 4.5049e-02, -1.2685e-01,  8.9893e-01],
          [ 5.4807e-02, -1.4775e-02,  9.2188e-01]],

         [[ 1.3429e-01, -3.6813e-02,  9.8975e-01],
          [ 9.1853e-02, -3.3921e-02,  9.5850e-01],
          [ 1.3180e-01,  1.0639e-01,  1.0000e+00],
          ...,
          [ 4.7929e-02, -2.4100e-01,  8.7109e-01],
          [ 4.4809e-02, -1.2749e-01,  8.9893e-01],
          [ 5.4537e-02, -1.5446e-02,  9.2188e-01]],

         [[ 1.3400e-01, -3.7459e-02,  9.8975e-01],
          [ 9.1579e-02, -3.4578e-02,  9.5850e-01],
          [ 1.3148e-01,  1.0571e-01,  1.0000e+00],
          ...,
          [ 4.7717e-02, -2.4162e-01,  8.7109e-01],
          [ 4.4569e-02, -1.2814e-01,  8.9893e-01],
          [ 5.4267e-02, -1.6117e-02,  9.2188e-01]],

         ...,

         [[ 3.9871e-02, -1.9573e-01,  6.4355e-01],
          [-1.5213e-03, -1.9531e-01,  4.5264e-01],
          [ 4.1854e-02, -5.3971e-02,  7.5146e-01],
          ...,
          [-3.0062e-02, -3.8815e-01,  9.0332e-01],
          [-4.0142e-02, -2.8028e-01,  7.8027e-01],
          [-5.6616e-02, -1.8452e-01,  8.4277e-01]],

         [[ 3.9577e-02, -1.9637e-01,  6.4355e-01],
          [-1.8055e-03, -1.9596e-01,  4.5264e-01],
          [ 4.1525e-02, -5.4646e-02,  7.5146e-01],
          ...,
          [-3.0291e-02, -3.8876e-01,  9.0332e-01],
          [-4.0396e-02, -2.8092e-01,  7.8027e-01],
          [-5.6889e-02, -1.8519e-01,  8.4277e-01]],

         [[ 3.9283e-02, -1.9702e-01,  6.4355e-01],
          [-2.0898e-03, -1.9661e-01,  4.5264e-01],
          [ 4.1195e-02, -5.5322e-02,  7.5146e-01],
          ...,
          [-3.0520e-02, -3.8938e-01,  9.0332e-01],
          [-4.0650e-02, -2.8156e-01,  7.8027e-01],
          [-5.7163e-02, -1.8586e-01,  8.4277e-01]]],


        [[[-5.0845e-02, -2.4560e-02,  9.1846e-01],
          [-4.0868e-02, -1.5039e-02,  8.8770e-01],
          [-5.3316e-02,  1.8273e-01,  9.1748e-01],
          ...,
          [-2.1668e-02, -3.2179e-01,  8.3936e-01],
          [-2.5357e-02, -1.2433e-01,  8.9355e-01],
          [ 3.8653e-02,  1.9416e-03,  8.9453e-01]],

         [[-5.0877e-02, -2.4168e-02,  9.1846e-01],
          [-4.0894e-02, -1.4650e-02,  8.8770e-01],
          [-5.3247e-02,  1.8316e-01,  9.1748e-01],
          ...,
          [-2.1842e-02, -3.2146e-01,  8.3936e-01],
          [-2.5433e-02, -1.2397e-01,  8.9355e-01],
          [ 3.8650e-02,  2.2942e-03,  8.9453e-01]],

         [[-5.0910e-02, -2.3776e-02,  9.1846e-01],
          [-4.0920e-02, -1.4261e-02,  8.8770e-01],
          [-5.3178e-02,  1.8359e-01,  9.1748e-01],
          ...,
          [-2.2015e-02, -3.2114e-01,  8.3936e-01],
          [-2.5510e-02, -1.2360e-01,  8.9355e-01],
          [ 3.8646e-02,  2.6470e-03,  8.9453e-01]],

         ...,

         [[-5.3181e-02,  7.2477e-02,  9.3945e-01],
          [-5.2417e-02,  7.7445e-02,  9.2578e-01],
          [-3.9369e-02,  2.9461e-01,  9.4092e-01],
          ...,
          [-8.1162e-02, -2.4180e-01,  8.4570e-01],
          [ 1.9379e-02, -6.9073e-02,  8.8037e-01],
          [ 4.1834e-02, -1.8766e-01,  9.1357e-01]],

         [[-5.3264e-02,  7.2906e-02,  9.3945e-01],
          [-5.2498e-02,  7.7875e-02,  9.2578e-01],
          [-3.9341e-02,  2.9507e-01,  9.4092e-01],
          ...,
          [-8.1405e-02, -2.4141e-01,  8.4570e-01],
          [ 1.9239e-02, -6.8704e-02,  8.8037e-01],
          [ 4.1640e-02, -1.8732e-01,  9.1357e-01]],

         [[-5.3348e-02,  7.3335e-02,  9.3945e-01],
          [-5.2579e-02,  7.8305e-02,  9.2578e-01],
          [-3.9313e-02,  2.9553e-01,  9.4092e-01],
          ...,
          [-8.1648e-02, -2.4102e-01,  8.4570e-01],
          [ 1.9098e-02, -6.8335e-02,  8.8037e-01],
          [ 4.1444e-02, -1.8698e-01,  9.1357e-01]]],


        [[[ 3.5996e-02,  4.5033e-02,  8.8770e-01],
          [ 7.6563e-02,  4.0549e-02,  8.9160e-01],
          [ 4.5411e-02,  1.7124e-01,  6.7090e-01],
          ...,
          [ 1.1757e-01, -1.6293e-01,  8.1055e-01],
          [ 1.1902e-01, -4.7912e-02,  1.9006e-01],
          [ 9.3685e-02,  1.0626e-02,  1.6516e-01]],

         [[ 3.6095e-02,  4.5179e-02,  8.8770e-01],
          [ 7.6681e-02,  4.0682e-02,  8.9160e-01],
          [ 4.5548e-02,  1.7145e-01,  6.7090e-01],
          ...,
          [ 1.1766e-01, -1.6291e-01,  8.1055e-01],
          [ 1.1914e-01, -4.7836e-02,  1.9006e-01],
          [ 9.3805e-02,  1.0739e-02,  1.6516e-01]],

         [[ 3.6194e-02,  4.5324e-02,  8.8770e-01],
          [ 7.6800e-02,  4.0814e-02,  8.9160e-01],
          [ 4.5686e-02,  1.7166e-01,  6.7090e-01],
          ...,
          [ 1.1774e-01, -1.6290e-01,  8.1055e-01],
          [ 1.1926e-01, -4.7761e-02,  1.9006e-01],
          [ 9.3925e-02,  1.0851e-02,  1.6516e-01]],

         ...,

         [[-3.5571e-01, -2.3410e-01,  5.5322e-01],
          [-3.3432e-01, -2.3667e-01,  5.1270e-01],
          [-3.3214e-01, -1.5313e-01,  4.6338e-01],
          ...,
          [-3.2894e-01, -3.6105e-01,  8.8330e-01],
          [-3.1270e-01, -2.9120e-01,  8.6279e-01],
          [-3.0655e-01, -2.4000e-01,  8.5205e-01]],

         [[-3.5590e-01, -2.3400e-01,  5.5322e-01],
          [-3.3450e-01, -2.3658e-01,  5.1270e-01],
          [-3.3229e-01, -1.5300e-01,  4.6338e-01],
          ...,
          [-3.2915e-01, -3.6102e-01,  8.8330e-01],
          [-3.1288e-01, -2.9115e-01,  8.6279e-01],
          [-3.0672e-01, -2.3992e-01,  8.5205e-01]],

         [[-3.5608e-01, -2.3391e-01,  5.5322e-01],
          [-3.3467e-01, -2.3649e-01,  5.1270e-01],
          [-3.3245e-01, -1.5288e-01,  4.6338e-01],
          ...,
          [-3.2935e-01, -3.6100e-01,  8.8330e-01],
          [-3.1307e-01, -2.9109e-01,  8.6279e-01],
          [-3.0689e-01, -2.3984e-01,  8.5205e-01]]],


        ...,


        [[[ 1.9101e-01,  3.8448e-02,  9.4482e-01],
          [ 8.8516e-02,  2.8618e-02,  9.7607e-01],
          [ 5.1159e-02,  4.1809e-01,  9.5752e-01],
          ...,
          [ 8.6055e-02, -5.3393e-01,  9.3359e-01],
          [ 2.1973e-02, -2.5798e-01,  9.1992e-01],
          [ 1.3976e-02,  2.1468e-02,  9.4141e-01]],

         [[ 1.9000e-01,  3.8014e-02,  9.4482e-01],
          [ 8.7493e-02,  2.8249e-02,  9.7607e-01],
          [ 5.0386e-02,  4.1779e-01,  9.5752e-01],
          ...,
          [ 8.4663e-02, -5.3436e-01,  9.3359e-01],
          [ 2.0755e-02, -2.5834e-01,  9.1992e-01],
          [ 1.2939e-02,  2.1148e-02,  9.4141e-01]],

         [[ 1.8154e-01,  3.6875e-02,  9.0430e-01],
          [ 7.9012e-02,  2.7176e-02,  9.5508e-01],
          [ 6.0798e-02,  4.1855e-01,  9.1650e-01],
          ...,
          [ 7.5814e-02, -5.3550e-01,  9.2822e-01],
          [ 1.0316e-02, -2.4076e-01,  9.3262e-01],
          [ 4.4459e-03,  2.0122e-02,  9.3750e-01]],

         ...,

         [[-8.0930e-02,  1.4326e-01,  9.7607e-01],
          [-1.7399e-01,  1.4898e-01,  9.8779e-01],
          [-1.9475e-01,  2.8123e-01,  9.5703e-01],
          ...,
          [-2.4195e-01, -2.3590e-01,  8.6816e-01],
          [-3.6084e-01, -7.0659e-02,  9.0576e-01],
          [-4.0956e-01,  7.6789e-02,  8.9453e-01]],

         [[-8.1834e-02,  1.4294e-01,  9.7607e-01],
          [-1.7490e-01,  1.4873e-01,  9.8779e-01],
          [-1.9558e-01,  2.8100e-01,  9.5703e-01],
          ...,
          [-2.4312e-01, -2.3616e-01,  8.6816e-01],
          [-3.6191e-01, -7.0818e-02,  9.0576e-01],
          [-4.1054e-01,  7.6678e-02,  8.9453e-01]],

         [[-8.2738e-02,  1.4263e-01,  9.7607e-01],
          [-1.7581e-01,  1.4847e-01,  9.8779e-01],
          [-1.9641e-01,  2.8077e-01,  9.5703e-01],
          ...,
          [-2.4429e-01, -2.3641e-01,  8.6816e-01],
          [-3.6299e-01, -7.0976e-02,  9.0576e-01],
          [-4.1152e-01,  7.6568e-02,  8.9453e-01]]],


        [[[ 3.3303e-02, -8.2660e-02,  9.7168e-01],
          [ 4.3273e-04, -7.8194e-02,  9.3896e-01],
          [ 3.8036e-02,  8.7321e-02,  9.4336e-01],
          ...,
          [-4.2176e-02, -2.8056e-01,  9.1455e-01],
          [-2.5359e-02, -1.5676e-01,  9.0674e-01],
          [ 3.3023e-02, -5.2924e-02,  9.0967e-01]],

         [[ 3.3273e-02, -8.2147e-02,  9.7168e-01],
          [ 3.9673e-04, -7.7688e-02,  9.3896e-01],
          [ 3.7972e-02,  8.7859e-02,  9.4336e-01],
          ...,
          [-4.2178e-02, -2.8009e-01,  9.1455e-01],
          [-2.5383e-02, -1.5627e-01,  9.0674e-01],
          [ 3.2986e-02, -5.2408e-02,  9.0967e-01]],

         [[ 2.8182e-02, -8.3110e-02,  9.7021e-01],
          [-8.4122e-03, -7.8153e-02,  9.2529e-01],
          [ 3.6561e-02,  8.6419e-02,  9.2920e-01],
          ...,
          [-4.3528e-02, -2.8160e-01,  9.0869e-01],
          [-1.8325e-02, -1.5134e-01,  9.0234e-01],
          [ 3.1602e-02, -5.3869e-02,  9.0088e-01]],

         ...,

         [[ 1.1726e-02,  4.6263e-02,  9.6826e-01],
          [-2.6328e-02,  4.9614e-02,  9.8047e-01],
          [-1.0931e-02,  2.2444e-01,  9.9512e-01],
          ...,
          [-6.8895e-02, -1.6867e-01,  8.9453e-01],
          [-9.5008e-02, -3.6042e-02,  9.3018e-01],
          [-6.3573e-02,  6.8457e-02,  8.9746e-01]],

         [[ 1.2701e-02,  4.5580e-02,  9.7119e-01],
          [-2.5359e-02,  4.8924e-02,  9.8193e-01],
          [-9.9944e-03,  2.2378e-01,  9.8975e-01],
          ...,
          [-6.7841e-02, -1.6885e-01,  9.0479e-01],
          [-9.4032e-02, -3.6758e-02,  9.2480e-01],
          [-6.2613e-02,  6.7762e-02,  8.9551e-01]],

         [[ 1.2670e-02,  4.6097e-02,  9.7119e-01],
          [-2.5396e-02,  4.9434e-02,  9.8193e-01],
          [-1.0064e-02,  2.2432e-01,  9.8975e-01],
          ...,
          [-6.7841e-02, -1.6838e-01,  9.0479e-01],
          [-9.4061e-02, -3.6273e-02,  9.2480e-01],
          [-6.2659e-02,  6.8267e-02,  8.9551e-01]]],


        [[[-1.0695e-02,  1.9761e-02,  9.5703e-01],
          [-8.3463e-02,  1.4849e-02,  9.8145e-01],
          [-9.7819e-03,  3.8986e-01,  9.4092e-01],
          ...,
          [-1.3150e-01, -5.6033e-01,  9.1162e-01],
          [-1.5337e-01, -2.8902e-01,  9.1309e-01],
          [-1.9575e-01, -5.1705e-02,  9.3359e-01]],

         [[-1.0183e-02,  1.9336e-02,  9.5703e-01],
          [-8.2953e-02,  1.4434e-02,  9.8145e-01],
          [-9.2149e-03,  3.8943e-01,  9.4092e-01],
          ...,
          [-1.3108e-01, -5.6075e-01,  9.1162e-01],
          [-1.5291e-01, -2.8943e-01,  9.1309e-01],
          [-1.9526e-01, -5.2104e-02,  9.3359e-01]],

         [[-9.6715e-03,  1.8910e-02,  9.5703e-01],
          [-8.2443e-02,  1.4019e-02,  9.8145e-01],
          [-8.6479e-03,  3.8901e-01,  9.4092e-01],
          ...,
          [-1.3066e-01, -5.6116e-01,  9.1162e-01],
          [-1.5245e-01, -2.8984e-01,  9.1309e-01],
          [-1.9476e-01, -5.2503e-02,  9.3359e-01]],

         ...,

         [[ 3.0197e-01, -7.3592e-02,  9.3555e-01],
          [ 2.2381e-01, -6.6623e-02,  9.1846e-01],
          [ 1.5483e-01,  2.6759e-01,  8.5596e-01],
          ...,
          [-1.6910e-01, -2.2679e-01,  8.5107e-01],
          [-2.9469e-02, -3.2282e-02,  8.6475e-01],
          [ 1.2183e-01,  1.6118e-01,  8.8574e-01]],

         [[ 3.0248e-01, -7.4042e-02,  9.3555e-01],
          [ 2.2432e-01, -6.7062e-02,  9.1846e-01],
          [ 1.5540e-01,  2.6717e-01,  8.5596e-01],
          ...,
          [-1.6862e-01, -2.2717e-01,  8.5107e-01],
          [-2.8953e-02, -3.2682e-02,  8.6475e-01],
          [ 1.2238e-01,  1.6076e-01,  8.8574e-01]],

         [[ 3.0300e-01, -7.4492e-02,  9.3555e-01],
          [ 2.2484e-01, -6.7500e-02,  9.1846e-01],
          [ 1.5596e-01,  2.6675e-01,  8.5596e-01],
          ...,
          [-1.6813e-01, -2.2755e-01,  8.5107e-01],
          [-2.8437e-02, -3.3082e-02,  8.6475e-01],
          [ 1.2292e-01,  1.6034e-01,  8.8574e-01]]]])
--- Second Dimension Index 1 of Element 0 ---
tensor([[[[-4.3581e-02,  1.9303e-01,  7.0264e-01],
          [-1.3566e-03,  1.9424e-01,  4.6875e-01],
          [ 2.0377e-02,  3.4376e-01,  7.7832e-01],
          ...,
          [-3.1527e-03, -2.5946e-02,  8.8623e-01],
          [ 3.2611e-02,  1.1337e-01,  8.3740e-01],
          [ 5.5032e-02,  2.1707e-01,  8.8916e-01]],

         [[-4.3881e-02,  1.9229e-01,  7.0264e-01],
          [-1.6667e-03,  1.9351e-01,  4.6875e-01],
          [ 2.0025e-02,  3.4300e-01,  7.7832e-01],
          ...,
          [-3.4072e-03, -2.6629e-02,  8.8623e-01],
          [ 3.2313e-02,  1.1267e-01,  8.3740e-01],
          [ 5.4704e-02,  2.1635e-01,  8.8916e-01]],

         [[-4.4181e-02,  1.9155e-01,  7.0264e-01],
          [-1.9768e-03,  1.9278e-01,  4.6875e-01],
          [ 1.9672e-02,  3.4224e-01,  7.7832e-01],
          ...,
          [-3.6618e-03, -2.7312e-02,  8.8623e-01],
          [ 3.2016e-02,  1.1196e-01,  8.3740e-01],
          [ 5.4375e-02,  2.1562e-01,  8.8916e-01]],

         ...,

         [[-1.4500e-01,  5.9221e-02,  9.4629e-01],
          [-9.8005e-02,  7.0601e-02,  9.3213e-01],
          [-9.3350e-02,  2.1674e-01,  9.6777e-01],
          ...,
          [-7.9257e-02, -1.6190e-01,  8.2422e-01],
          [-4.5417e-02, -3.3568e-02,  8.8818e-01],
          [-3.0732e-02,  4.9583e-02,  8.9258e-01]],

         [[-1.4531e-01,  5.8472e-02,  9.4629e-01],
          [-9.8333e-02,  6.9861e-02,  9.3213e-01],
          [-9.3716e-02,  2.1597e-01,  9.6777e-01],
          ...,
          [-7.9531e-02, -1.6258e-01,  8.2422e-01],
          [-4.5731e-02, -3.4270e-02,  8.8818e-01],
          [-3.1070e-02,  4.8865e-02,  8.9258e-01]],

         [[-1.4562e-01,  5.7723e-02,  9.4629e-01],
          [-9.8661e-02,  6.9121e-02,  9.3213e-01],
          [-9.4082e-02,  2.1519e-01,  9.6777e-01],
          ...,
          [-7.9805e-02, -1.6326e-01,  8.2422e-01],
          [-4.6046e-02, -3.4972e-02,  8.8818e-01],
          [-3.1409e-02,  4.8147e-02,  8.9258e-01]]],


        [[[-3.4209e-01,  8.6015e-01,  0.0000e+00],
          [-3.4209e-01,  8.6015e-01,  0.0000e+00],
          [-3.4209e-01,  8.6015e-01,  0.0000e+00],
          ...,
          [-3.4209e-01,  8.6015e-01,  0.0000e+00],
          [-3.4209e-01,  8.6015e-01,  0.0000e+00],
          [-3.4209e-01,  8.6015e-01,  0.0000e+00]],

         [[-3.4174e-01,  8.6084e-01,  0.0000e+00],
          [-3.4174e-01,  8.6084e-01,  0.0000e+00],
          [-3.4174e-01,  8.6084e-01,  0.0000e+00],
          ...,
          [-3.4174e-01,  8.6084e-01,  0.0000e+00],
          [-3.4174e-01,  8.6084e-01,  0.0000e+00],
          [-3.4174e-01,  8.6084e-01,  0.0000e+00]],

         [[-3.4139e-01,  8.6153e-01,  0.0000e+00],
          [-3.4139e-01,  8.6153e-01,  0.0000e+00],
          [-3.4139e-01,  8.6153e-01,  0.0000e+00],
          ...,
          [-3.4139e-01,  8.6153e-01,  0.0000e+00],
          [-3.4139e-01,  8.6153e-01,  0.0000e+00],
          [-3.4139e-01,  8.6153e-01,  0.0000e+00]],

         ...,

         [[-2.5791e-01,  1.0000e+00,  0.0000e+00],
          [-2.5791e-01,  1.0000e+00,  0.0000e+00],
          [-2.5791e-01,  1.0000e+00,  0.0000e+00],
          ...,
          [-2.5791e-01,  1.0000e+00,  0.0000e+00],
          [-2.5791e-01,  1.0000e+00,  0.0000e+00],
          [-2.5791e-01,  1.0000e+00,  0.0000e+00]],

         [[-2.5756e-01,  1.0000e+00,  0.0000e+00],
          [-2.5756e-01,  1.0000e+00,  0.0000e+00],
          [-2.5756e-01,  1.0000e+00,  0.0000e+00],
          ...,
          [-2.5756e-01,  1.0000e+00,  0.0000e+00],
          [-2.5756e-01,  1.0000e+00,  0.0000e+00],
          [-2.5756e-01,  1.0000e+00,  0.0000e+00]],

         [[-2.5721e-01,  1.0000e+00,  0.0000e+00],
          [-2.5721e-01,  1.0000e+00,  0.0000e+00],
          [-2.5721e-01,  1.0000e+00,  0.0000e+00],
          ...,
          [-2.5721e-01,  1.0000e+00,  0.0000e+00],
          [-2.5721e-01,  1.0000e+00,  0.0000e+00],
          [-2.5721e-01,  1.0000e+00,  0.0000e+00]]],


        [[[-1.9143e-01,  1.0037e-02,  9.4434e-01],
          [-2.2988e-01,  1.2160e-02,  9.7852e-01],
          [-2.2798e-01,  1.2797e-01,  9.7559e-01],
          ...,
          [-2.6451e-01, -1.7898e-01,  8.3105e-01],
          [-2.7753e-01, -6.7246e-02,  8.5010e-01],
          [-2.7221e-01,  2.9189e-02,  8.5986e-01]],

         [[-1.9146e-01,  1.0226e-02,  9.4434e-01],
          [-2.2993e-01,  1.2360e-02,  9.7852e-01],
          [-2.2800e-01,  1.2823e-01,  9.7559e-01],
          ...,
          [-2.6463e-01, -1.7887e-01,  8.3105e-01],
          [-2.7762e-01, -6.7075e-02,  8.5010e-01],
          [-2.7227e-01,  2.9409e-02,  8.5986e-01]],

         [[-1.9149e-01,  1.0415e-02,  9.4434e-01],
          [-2.2998e-01,  1.2560e-02,  9.7852e-01],
          [-2.2801e-01,  1.2849e-01,  9.7559e-01],
          ...,
          [-2.6475e-01, -1.7876e-01,  8.3105e-01],
          [-2.7772e-01, -6.6903e-02,  8.5010e-01],
          [-2.7234e-01,  2.9629e-02,  8.5986e-01]],

         ...,

         [[-1.0000e+00, -5.9687e-01,  0.0000e+00],
          [-1.0000e+00, -5.9687e-01,  0.0000e+00],
          [-1.0000e+00, -5.9687e-01,  0.0000e+00],
          ...,
          [-1.0000e+00, -5.9687e-01,  0.0000e+00],
          [-1.0000e+00, -5.9687e-01,  0.0000e+00],
          [-1.0000e+00, -5.9687e-01,  0.0000e+00]],

         [[-1.0000e+00, -5.9670e-01,  0.0000e+00],
          [-1.0000e+00, -5.9670e-01,  0.0000e+00],
          [-1.0000e+00, -5.9670e-01,  0.0000e+00],
          ...,
          [-1.0000e+00, -5.9670e-01,  0.0000e+00],
          [-1.0000e+00, -5.9670e-01,  0.0000e+00],
          [-1.0000e+00, -5.9670e-01,  0.0000e+00]],

         [[-1.0000e+00, -5.9653e-01,  0.0000e+00],
          [-1.0000e+00, -5.9653e-01,  0.0000e+00],
          [-1.0000e+00, -5.9653e-01,  0.0000e+00],
          ...,
          [-1.0000e+00, -5.9653e-01,  0.0000e+00],
          [-1.0000e+00, -5.9653e-01,  0.0000e+00],
          [-1.0000e+00, -5.9653e-01,  0.0000e+00]]],


        ...,


        [[[ 1.2858e-01,  7.6779e-01,  0.0000e+00],
          [ 1.2858e-01,  7.6779e-01,  0.0000e+00],
          [ 1.2858e-01,  7.6779e-01,  0.0000e+00],
          ...,
          [ 1.2858e-01,  7.6779e-01,  0.0000e+00],
          [ 1.2858e-01,  7.6779e-01,  0.0000e+00],
          [ 1.2858e-01,  7.6779e-01,  0.0000e+00]],

         [[ 1.2804e-01,  7.6748e-01,  0.0000e+00],
          [ 1.2804e-01,  7.6748e-01,  0.0000e+00],
          [ 1.2804e-01,  7.6748e-01,  0.0000e+00],
          ...,
          [ 1.2804e-01,  7.6748e-01,  0.0000e+00],
          [ 1.2804e-01,  7.6748e-01,  0.0000e+00],
          [ 1.2804e-01,  7.6748e-01,  0.0000e+00]],

         [[ 1.2750e-01,  7.6717e-01,  0.0000e+00],
          [ 1.2750e-01,  7.6717e-01,  0.0000e+00],
          [ 1.2750e-01,  7.6717e-01,  0.0000e+00],
          ...,
          [ 1.2750e-01,  7.6717e-01,  0.0000e+00],
          [ 1.2750e-01,  7.6717e-01,  0.0000e+00],
          [ 1.2750e-01,  7.6717e-01,  0.0000e+00]],

         ...,

         [[ 4.6492e-05,  6.9299e-01,  0.0000e+00],
          [ 4.6492e-05,  6.9299e-01,  0.0000e+00],
          [ 4.6492e-05,  6.9299e-01,  0.0000e+00],
          ...,
          [ 4.6492e-05,  6.9299e-01,  0.0000e+00],
          [ 4.6492e-05,  6.9299e-01,  0.0000e+00],
          [ 4.6492e-05,  6.9299e-01,  0.0000e+00]],

         [[-4.8912e-04,  6.9268e-01,  0.0000e+00],
          [-4.8912e-04,  6.9268e-01,  0.0000e+00],
          [-4.8912e-04,  6.9268e-01,  0.0000e+00],
          ...,
          [-4.8912e-04,  6.9268e-01,  0.0000e+00],
          [-4.8912e-04,  6.9268e-01,  0.0000e+00],
          [-4.8912e-04,  6.9268e-01,  0.0000e+00]],

         [[-1.0246e-03,  6.9237e-01,  0.0000e+00],
          [-1.0246e-03,  6.9237e-01,  0.0000e+00],
          [-1.0246e-03,  6.9237e-01,  0.0000e+00],
          ...,
          [-1.0246e-03,  6.9237e-01,  0.0000e+00],
          [-1.0246e-03,  6.9237e-01,  0.0000e+00],
          [-1.0246e-03,  6.9237e-01,  0.0000e+00]]],


        [[[-2.1839e-01,  2.5066e-01,  0.0000e+00],
          [-2.1839e-01,  2.5066e-01,  0.0000e+00],
          [-2.1839e-01,  2.5066e-01,  0.0000e+00],
          ...,
          [-2.1839e-01,  2.5066e-01,  0.0000e+00],
          [-2.1839e-01,  2.5066e-01,  0.0000e+00],
          [-2.1839e-01,  2.5066e-01,  0.0000e+00]],

         [[-2.1852e-01,  2.5117e-01,  0.0000e+00],
          [-2.1852e-01,  2.5117e-01,  0.0000e+00],
          [-2.1852e-01,  2.5117e-01,  0.0000e+00],
          ...,
          [-2.1852e-01,  2.5117e-01,  0.0000e+00],
          [-2.1852e-01,  2.5117e-01,  0.0000e+00],
          [-2.1852e-01,  2.5117e-01,  0.0000e+00]],

         [[-2.1865e-01,  2.5168e-01,  0.0000e+00],
          [-2.1865e-01,  2.5168e-01,  0.0000e+00],
          [-2.1865e-01,  2.5168e-01,  0.0000e+00],
          ...,
          [-2.1865e-01,  2.5168e-01,  0.0000e+00],
          [-2.1865e-01,  2.5168e-01,  0.0000e+00],
          [-2.1865e-01,  2.5168e-01,  0.0000e+00]],

         ...,

         [[-2.5015e-01,  3.7334e-01,  0.0000e+00],
          [-2.5015e-01,  3.7334e-01,  0.0000e+00],
          [-2.5015e-01,  3.7334e-01,  0.0000e+00],
          ...,
          [-2.5015e-01,  3.7334e-01,  0.0000e+00],
          [-2.5015e-01,  3.7334e-01,  0.0000e+00],
          [-2.5015e-01,  3.7334e-01,  0.0000e+00]],

         [[-2.5028e-01,  3.7385e-01,  0.0000e+00],
          [-2.5028e-01,  3.7385e-01,  0.0000e+00],
          [-2.5028e-01,  3.7385e-01,  0.0000e+00],
          ...,
          [-2.5028e-01,  3.7385e-01,  0.0000e+00],
          [-2.5028e-01,  3.7385e-01,  0.0000e+00],
          [-2.5028e-01,  3.7385e-01,  0.0000e+00]],

         [[-2.5041e-01,  3.7436e-01,  0.0000e+00],
          [-2.5041e-01,  3.7436e-01,  0.0000e+00],
          [-2.5041e-01,  3.7436e-01,  0.0000e+00],
          ...,
          [-2.5041e-01,  3.7436e-01,  0.0000e+00],
          [-2.5041e-01,  3.7436e-01,  0.0000e+00],
          [-2.5041e-01,  3.7436e-01,  0.0000e+00]]],


        [[[-1.5180e-01,  7.5525e-01,  0.0000e+00],
          [-1.5180e-01,  7.5525e-01,  0.0000e+00],
          [-1.5180e-01,  7.5525e-01,  0.0000e+00],
          ...,
          [-1.5180e-01,  7.5525e-01,  0.0000e+00],
          [-1.5180e-01,  7.5525e-01,  0.0000e+00],
          [-1.5180e-01,  7.5525e-01,  0.0000e+00]],

         [[-1.5118e-01,  7.5485e-01,  0.0000e+00],
          [-1.5118e-01,  7.5485e-01,  0.0000e+00],
          [-1.5118e-01,  7.5485e-01,  0.0000e+00],
          ...,
          [-1.5118e-01,  7.5485e-01,  0.0000e+00],
          [-1.5118e-01,  7.5485e-01,  0.0000e+00],
          [-1.5118e-01,  7.5485e-01,  0.0000e+00]],

         [[-1.5056e-01,  7.5446e-01,  0.0000e+00],
          [-1.5056e-01,  7.5446e-01,  0.0000e+00],
          [-1.5056e-01,  7.5446e-01,  0.0000e+00],
          ...,
          [-1.5056e-01,  7.5446e-01,  0.0000e+00],
          [-1.5056e-01,  7.5446e-01,  0.0000e+00],
          [-1.5056e-01,  7.5446e-01,  0.0000e+00]],

         ...,

         [[-2.9951e-03,  6.6030e-01,  0.0000e+00],
          [-2.9951e-03,  6.6030e-01,  0.0000e+00],
          [-2.9951e-03,  6.6030e-01,  0.0000e+00],
          ...,
          [-2.9951e-03,  6.6030e-01,  0.0000e+00],
          [-2.9951e-03,  6.6030e-01,  0.0000e+00],
          [-2.9951e-03,  6.6030e-01,  0.0000e+00]],

         [[-2.3751e-03,  6.5990e-01,  0.0000e+00],
          [-2.3751e-03,  6.5990e-01,  0.0000e+00],
          [-2.3751e-03,  6.5990e-01,  0.0000e+00],
          ...,
          [-2.3751e-03,  6.5990e-01,  0.0000e+00],
          [-2.3751e-03,  6.5990e-01,  0.0000e+00],
          [-2.3751e-03,  6.5990e-01,  0.0000e+00]],

         [[-1.7551e-03,  6.5951e-01,  0.0000e+00],
          [-1.7551e-03,  6.5951e-01,  0.0000e+00],
          [-1.7551e-03,  6.5951e-01,  0.0000e+00],
          ...,
          [-1.7551e-03,  6.5951e-01,  0.0000e+00],
          [-1.7551e-03,  6.5951e-01,  0.0000e+00],
          [-1.7551e-03,  6.5951e-01,  0.0000e+00]]]])
===== Batch 2 =====
--- Second Dimension Index 0 of Element 0 ---
tensor([[[[-0.0420,  0.0724,  0.9771],
          [-0.0857,  0.0652,  1.0000],
          [-0.0908,  0.2115,  0.9829],
          ...,
          [-0.0935, -0.1783,  0.8311],
          [-0.1339, -0.0568,  0.8442],
          [-0.1133,  0.0482,  0.8906]],

         [[-0.0419,  0.0724,  0.9771],
          [-0.0856,  0.0651,  1.0000],
          [-0.0908,  0.2115,  0.9829],
          ...,
          [-0.0934, -0.1783,  0.8311],
          [-0.1338, -0.0568,  0.8442],
          [-0.1132,  0.0482,  0.8906]],

         [[-0.0419,  0.0639,  0.9443],
          [-0.0818,  0.0570,  0.9629],
          [-0.0870,  0.2033,  0.9233],
          ...,
          [-0.0977, -0.1799,  0.8350],
          [-0.1376, -0.0657,  0.8486],
          [-0.1169,  0.0386,  0.8877]],

         ...,

         [[-0.0114,  0.0371,  0.9829],
          [-0.0544,  0.0274,  1.0000],
          [-0.0616,  0.1898,  1.0000],
          ...,
          [-0.0458, -0.1944,  0.8911],
          [-0.0846, -0.0738,  0.9121],
          [-0.1148,  0.0335,  0.8945]],

         [[-0.0113,  0.0371,  0.9829],
          [-0.0543,  0.0273,  1.0000],
          [-0.0616,  0.1897,  1.0000],
          ...,
          [-0.0456, -0.1945,  0.8911],
          [-0.0845, -0.0739,  0.9121],
          [-0.1147,  0.0334,  0.8945]],

         [[-0.0113,  0.0370,  0.9829],
          [-0.0542,  0.0273,  1.0000],
          [-0.0615,  0.1897,  1.0000],
          ...,
          [-0.0455, -0.1945,  0.8911],
          [-0.0844, -0.0739,  0.9121],
          [-0.1146,  0.0334,  0.8945]]],


        [[[ 0.1694, -0.0718,  0.9595],
          [ 0.1355, -0.0704,  0.9380],
          [ 0.1686,  0.1053,  0.9810],
          ...,
          [ 0.1332, -0.3218,  0.9106],
          [ 0.1388, -0.1880,  0.8955],
          [ 0.1018, -0.0855,  0.8789]],

         [[ 0.1687, -0.0713,  0.9595],
          [ 0.1348, -0.0699,  0.9380],
          [ 0.1679,  0.1059,  0.9810],
          ...,
          [ 0.1324, -0.3215,  0.9106],
          [ 0.1381, -0.1876,  0.8955],
          [ 0.1010, -0.0850,  0.8789]],

         [[ 0.1680, -0.0709,  0.9595],
          [ 0.1341, -0.0694,  0.9380],
          [ 0.1672,  0.1065,  0.9810],
          ...,
          [ 0.1316, -0.3212,  0.9106],
          [ 0.1373, -0.1872,  0.8955],
          [ 0.1003, -0.0846,  0.8789]],

         ...,

         [[ 0.0114,  0.0296,  0.9834],
          [-0.0177,  0.0270,  0.9414],
          [-0.0029,  0.2303,  0.9561],
          ...,
          [-0.0105, -0.2654,  0.9019],
          [-0.0080, -0.1002,  0.9146],
          [-0.0477,  0.0197,  0.8896]],

         [[ 0.0107,  0.0300,  0.9834],
          [-0.0185,  0.0274,  0.9414],
          [-0.0036,  0.2308,  0.9561],
          ...,
          [-0.0113, -0.2651,  0.9019],
          [-0.0087, -0.0998,  0.9146],
          [-0.0485,  0.0201,  0.8896]],

         [[ 0.0100,  0.0305,  0.9834],
          [-0.0192,  0.0279,  0.9414],
          [-0.0043,  0.2314,  0.9561],
          ...,
          [-0.0121, -0.2648,  0.9019],
          [-0.0095, -0.0994,  0.9146],
          [-0.0492,  0.0206,  0.8896]]],


        [[[ 0.3089, -0.0687,  0.9771],
          [ 0.2297, -0.1417,  0.8931],
          [-0.2775, -0.2702,  0.8638],
          ...,
          [ 0.0843, -0.7011,  0.9170],
          [ 0.1137, -0.4382,  0.8560],
          [-0.0363, -0.3169,  0.8486]],

         [[ 0.3084, -0.0693,  0.9731],
          [ 0.2293, -0.1422,  0.9170],
          [-0.2780, -0.2707,  0.8960],
          ...,
          [ 0.0838, -0.7016,  0.9033],
          [ 0.1132, -0.4387,  0.8560],
          [-0.0368, -0.3174,  0.8735]],

         [[ 0.3080, -0.0698,  0.9731],
          [ 0.2288, -0.1427,  0.9170],
          [-0.2785, -0.2712,  0.8960],
          ...,
          [ 0.0832, -0.7022,  0.9033],
          [ 0.1127, -0.4393,  0.8560],
          [-0.0373, -0.3179,  0.8735]],

         ...,

         [[ 0.2213, -0.1964,  0.9463],
          [ 0.1182, -0.2832,  0.9282],
          [-0.4239, -0.3719,  0.8677],
          ...,
          [-0.0574, -0.8069,  0.9248],
          [-0.0190, -0.5291,  0.8394],
          [-0.1639, -0.4079,  0.9067]],

         [[ 0.2208, -0.1969,  0.9463],
          [ 0.1178, -0.2837,  0.9282],
          [-0.4244, -0.3723,  0.8677],
          ...,
          [-0.0580, -0.8074,  0.9248],
          [-0.0195, -0.5296,  0.8394],
          [-0.1645, -0.4084,  0.9067]],

         [[ 0.2204, -0.1974,  0.9463],
          [ 0.1173, -0.2842,  0.9282],
          [-0.4249, -0.3728,  0.8677],
          ...,
          [-0.0585, -0.8080,  0.9248],
          [-0.0200, -0.5301,  0.8394],
          [-0.1650, -0.4089,  0.9067]]],


        ...,


        [[[-0.0821,  0.0037,  0.9624],
          [-0.1395,  0.0039,  0.9624],
          [-0.1101,  0.3228,  0.9224],
          ...,
          [-0.1408, -0.4165,  0.9043],
          [-0.1833, -0.1995,  0.8555],
          [-0.2125, -0.0108,  0.8804]],

         [[-0.0813,  0.0035,  0.9624],
          [-0.1386,  0.0037,  0.9624],
          [-0.1092,  0.3224,  0.9224],
          ...,
          [-0.1401, -0.4165,  0.9043],
          [-0.1826, -0.1995,  0.8555],
          [-0.2117, -0.0109,  0.8804]],

         [[-0.0805,  0.0032,  0.9619],
          [-0.1378,  0.0035,  0.9609],
          [-0.1082,  0.3220,  0.9219],
          ...,
          [-0.1246, -0.4165,  0.9048],
          [-0.1818, -0.1996,  0.8618],
          [-0.2108, -0.0111,  0.8799]],

         ...,

         [[ 0.1206, -0.0436,  0.9141],
          [ 0.0591, -0.0372,  0.9780],
          [ 0.1362,  0.2264,  0.9565],
          ...,
          [ 0.0352, -0.3935,  0.9116],
          [-0.0498, -0.2489,  0.8984],
          [-0.0104, -0.3516,  0.8657]],

         [[ 0.1216, -0.0437,  0.9141],
          [ 0.0601, -0.0374,  0.9780],
          [ 0.1373,  0.2260,  0.9565],
          ...,
          [ 0.0361, -0.3933,  0.9116],
          [-0.0488, -0.2489,  0.8984],
          [-0.0095, -0.3515,  0.8657]],

         [[ 0.1225, -0.0439,  0.9141],
          [ 0.0611, -0.0375,  0.9780],
          [ 0.1383,  0.2257,  0.9565],
          ...,
          [ 0.0370, -0.3932,  0.9116],
          [-0.0478, -0.2488,  0.8984],
          [-0.0085, -0.3514,  0.8657]]],


        [[[ 0.0391,  0.0683,  0.9292],
          [ 0.0453,  0.0717,  0.8770],
          [ 0.0429,  0.2202,  0.9575],
          ...,
          [ 0.0555, -0.1065,  0.8887],
          [ 0.0495, -0.0020,  0.9028],
          [ 0.0689,  0.0860,  0.8887]],

         [[ 0.0385,  0.0676,  0.9292],
          [ 0.0448,  0.0710,  0.8770],
          [ 0.0425,  0.2194,  0.9575],
          ...,
          [ 0.0548, -0.1072,  0.8887],
          [ 0.0489, -0.0028,  0.9028],
          [ 0.0684,  0.0852,  0.8887]],

         [[ 0.0380,  0.0668,  0.9292],
          [ 0.0442,  0.0702,  0.8770],
          [ 0.0420,  0.2187,  0.9575],
          ...,
          [ 0.0542, -0.1080,  0.8887],
          [ 0.0483, -0.0035,  0.9028],
          [ 0.0678,  0.0844,  0.8887]],

         ...,

         [[-0.0841, -0.0972,  0.9146],
          [-0.0751, -0.0952,  0.9043],
          [-0.0606,  0.0385,  0.9673],
          ...,
          [-0.0998, -0.2683,  0.8994],
          [-0.1070, -0.1737,  0.8223],
          [-0.0309, -0.1703,  0.9058]],

         [[-0.0846, -0.0979,  0.9146],
          [-0.0756, -0.0959,  0.9043],
          [-0.0610,  0.0378,  0.9673],
          ...,
          [-0.1004, -0.2690,  0.8994],
          [-0.1075, -0.1743,  0.8223],
          [-0.0314, -0.1710,  0.9058]],

         [[-0.0851, -0.0985,  0.9146],
          [-0.0761, -0.0966,  0.9043],
          [-0.0614,  0.0370,  0.9673],
          ...,
          [-0.1010, -0.2696,  0.8994],
          [-0.1081, -0.1750,  0.8223],
          [-0.0320, -0.1717,  0.9058]]],


        [[[-0.2135, -0.1097,  0.9443],
          [-0.2427, -0.0998,  0.9614],
          [-0.2134,  0.1158,  0.9536],
          ...,
          [-0.3123, -0.3737,  0.8706],
          [-0.3213, -0.1881,  0.8862],
          [-0.2530, -0.0218,  0.9155]],

         [[-0.2140, -0.1089,  0.9443],
          [-0.2432, -0.0990,  0.9614],
          [-0.2138,  0.1166,  0.9536],
          ...,
          [-0.3130, -0.3728,  0.8706],
          [-0.3219, -0.1872,  0.8862],
          [-0.2534, -0.0210,  0.9155]],

         [[-0.2145, -0.1080,  0.9443],
          [-0.2437, -0.0981,  0.9614],
          [-0.2141,  0.1175,  0.9536],
          ...,
          [-0.3136, -0.3719,  0.8706],
          [-0.3224, -0.1863,  0.8862],
          [-0.2539, -0.0201,  0.9155]],

         ...,

         [[-0.3346,  0.0840,  0.9702],
          [-0.3663,  0.0986,  0.9678],
          [-0.2945,  0.3131,  0.9336],
          ...,
          [-0.4728, -0.1488,  0.8828],
          [-0.4653,  0.0258,  0.8701],
          [-0.3943,  0.1716,  0.8647]],

         [[-0.3351,  0.0849,  0.9702],
          [-0.3667,  0.0995,  0.9678],
          [-0.2948,  0.3140,  0.9336],
          ...,
          [-0.4734, -0.1478,  0.8828],
          [-0.4657,  0.0268,  0.8701],
          [-0.3947,  0.1726,  0.8647]],

         [[-0.3355,  0.0858,  0.9702],
          [-0.3672,  0.1005,  0.9678],
          [-0.2951,  0.3148,  0.9336],
          ...,
          [-0.4739, -0.1468,  0.8828],
          [-0.4662,  0.0278,  0.8701],
          [-0.3951,  0.1735,  0.8647]]]])
--- Second Dimension Index 1 of Element 0 ---
tensor([[[[-0.1544,  0.5722,  0.0000],
          [-0.1544,  0.5722,  0.0000],
          [-0.1544,  0.5722,  0.0000],
          ...,
          [-0.1544,  0.5722,  0.0000],
          [-0.1544,  0.5722,  0.0000],
          [-0.1544,  0.5722,  0.0000]],

         [[-0.1544,  0.5721,  0.0000],
          [-0.1544,  0.5721,  0.0000],
          [-0.1544,  0.5721,  0.0000],
          ...,
          [-0.1544,  0.5721,  0.0000],
          [-0.1544,  0.5721,  0.0000],
          [-0.1544,  0.5721,  0.0000]],

         [[-0.1545,  0.5720,  0.0000],
          [-0.1545,  0.5720,  0.0000],
          [-0.1545,  0.5720,  0.0000],
          ...,
          [-0.1545,  0.5720,  0.0000],
          [-0.1545,  0.5720,  0.0000],
          [-0.1545,  0.5720,  0.0000]],

         ...,

         [[-0.1635,  0.5506,  0.0000],
          [-0.1635,  0.5506,  0.0000],
          [-0.1635,  0.5506,  0.0000],
          ...,
          [-0.1635,  0.5506,  0.0000],
          [-0.1635,  0.5506,  0.0000],
          [-0.1635,  0.5506,  0.0000]],

         [[-0.1636,  0.5505,  0.0000],
          [-0.1636,  0.5505,  0.0000],
          [-0.1636,  0.5505,  0.0000],
          ...,
          [-0.1636,  0.5505,  0.0000],
          [-0.1636,  0.5505,  0.0000],
          [-0.1636,  0.5505,  0.0000]],

         [[-0.1636,  0.5505,  0.0000],
          [-0.1636,  0.5505,  0.0000],
          [-0.1636,  0.5505,  0.0000],
          ...,
          [-0.1636,  0.5505,  0.0000],
          [-0.1636,  0.5505,  0.0000],
          [-0.1636,  0.5505,  0.0000]]],


        [[[ 0.3312,  0.3310,  0.0000],
          [ 0.3312,  0.3310,  0.0000],
          [ 0.3312,  0.3310,  0.0000],
          ...,
          [ 0.3312,  0.3310,  0.0000],
          [ 0.3312,  0.3310,  0.0000],
          [ 0.3312,  0.3310,  0.0000]],

         [[ 0.3307,  0.3317,  0.0000],
          [ 0.3307,  0.3317,  0.0000],
          [ 0.3307,  0.3317,  0.0000],
          ...,
          [ 0.3307,  0.3317,  0.0000],
          [ 0.3307,  0.3317,  0.0000],
          [ 0.3307,  0.3317,  0.0000]],

         [[ 0.3301,  0.3324,  0.0000],
          [ 0.3301,  0.3324,  0.0000],
          [ 0.3301,  0.3324,  0.0000],
          ...,
          [ 0.3301,  0.3324,  0.0000],
          [ 0.3301,  0.3324,  0.0000],
          [ 0.3301,  0.3324,  0.0000]],

         ...,

         [[ 0.1978,  0.4932,  0.0000],
          [ 0.1978,  0.4932,  0.0000],
          [ 0.1978,  0.4932,  0.0000],
          ...,
          [ 0.1978,  0.4932,  0.0000],
          [ 0.1978,  0.4932,  0.0000],
          [ 0.1978,  0.4932,  0.0000]],

         [[ 0.1972,  0.4939,  0.0000],
          [ 0.1972,  0.4939,  0.0000],
          [ 0.1972,  0.4939,  0.0000],
          ...,
          [ 0.1972,  0.4939,  0.0000],
          [ 0.1972,  0.4939,  0.0000],
          [ 0.1972,  0.4939,  0.0000]],

         [[ 0.1967,  0.4946,  0.0000],
          [ 0.1967,  0.4946,  0.0000],
          [ 0.1967,  0.4946,  0.0000],
          ...,
          [ 0.1967,  0.4946,  0.0000],
          [ 0.1967,  0.4946,  0.0000],
          [ 0.1967,  0.4946,  0.0000]]],


        [[[ 0.0322,  0.6295,  0.0000],
          [ 0.0322,  0.6295,  0.0000],
          [ 0.0322,  0.6295,  0.0000],
          ...,
          [ 0.0322,  0.6295,  0.0000],
          [ 0.0322,  0.6295,  0.0000],
          [ 0.0322,  0.6295,  0.0000]],

         [[ 0.0318,  0.6291,  0.0000],
          [ 0.0318,  0.6291,  0.0000],
          [ 0.0318,  0.6291,  0.0000],
          ...,
          [ 0.0318,  0.6291,  0.0000],
          [ 0.0318,  0.6291,  0.0000],
          [ 0.0318,  0.6291,  0.0000]],

         [[ 0.0314,  0.6287,  0.0000],
          [ 0.0314,  0.6287,  0.0000],
          [ 0.0314,  0.6287,  0.0000],
          ...,
          [ 0.0314,  0.6287,  0.0000],
          [ 0.0314,  0.6287,  0.0000],
          [ 0.0314,  0.6287,  0.0000]],

         ...,

         [[-0.0645,  0.5287,  0.0000],
          [-0.0645,  0.5287,  0.0000],
          [-0.0645,  0.5287,  0.0000],
          ...,
          [-0.0645,  0.5287,  0.0000],
          [-0.0645,  0.5287,  0.0000],
          [-0.0645,  0.5287,  0.0000]],

         [[-0.0649,  0.5283,  0.0000],
          [-0.0649,  0.5283,  0.0000],
          [-0.0649,  0.5283,  0.0000],
          ...,
          [-0.0649,  0.5283,  0.0000],
          [-0.0649,  0.5283,  0.0000],
          [-0.0649,  0.5283,  0.0000]],

         [[-0.0653,  0.5279,  0.0000],
          [-0.0653,  0.5279,  0.0000],
          [-0.0653,  0.5279,  0.0000],
          ...,
          [-0.0653,  0.5279,  0.0000],
          [-0.0653,  0.5279,  0.0000],
          [-0.0653,  0.5279,  0.0000]]],


        ...,


        [[[-0.2590,  1.0000,  0.0000],
          [-0.2590,  1.0000,  0.0000],
          [-0.2590,  1.0000,  0.0000],
          ...,
          [-0.2590,  1.0000,  0.0000],
          [-0.2590,  1.0000,  0.0000],
          [-0.2590,  1.0000,  0.0000]],

         [[-0.2575,  1.0000,  0.0000],
          [-0.2575,  1.0000,  0.0000],
          [-0.2575,  1.0000,  0.0000],
          ...,
          [-0.2575,  1.0000,  0.0000],
          [-0.2575,  1.0000,  0.0000],
          [-0.2575,  1.0000,  0.0000]],

         [[-0.2561,  1.0000,  0.0000],
          [-0.2561,  1.0000,  0.0000],
          [-0.2561,  1.0000,  0.0000],
          ...,
          [-0.2561,  1.0000,  0.0000],
          [-0.2561,  1.0000,  0.0000],
          [-0.2561,  1.0000,  0.0000]],

         ...,

         [[ 0.0887,  1.0000,  0.0000],
          [ 0.0887,  1.0000,  0.0000],
          [ 0.0887,  1.0000,  0.0000],
          ...,
          [ 0.0887,  1.0000,  0.0000],
          [ 0.0887,  1.0000,  0.0000],
          [ 0.0887,  1.0000,  0.0000]],

         [[ 0.0901,  1.0000,  0.0000],
          [ 0.0901,  1.0000,  0.0000],
          [ 0.0901,  1.0000,  0.0000],
          ...,
          [ 0.0901,  1.0000,  0.0000],
          [ 0.0901,  1.0000,  0.0000],
          [ 0.0901,  1.0000,  0.0000]],

         [[ 0.0916,  1.0000,  0.0000],
          [ 0.0916,  1.0000,  0.0000],
          [ 0.0916,  1.0000,  0.0000],
          ...,
          [ 0.0916,  1.0000,  0.0000],
          [ 0.0916,  1.0000,  0.0000],
          [ 0.0916,  1.0000,  0.0000]]],


        [[[-0.0393,  0.6723,  0.0000],
          [-0.0393,  0.6723,  0.0000],
          [-0.0393,  0.6723,  0.0000],
          ...,
          [-0.0393,  0.6723,  0.0000],
          [-0.0393,  0.6723,  0.0000],
          [-0.0393,  0.6723,  0.0000]],

         [[-0.0394,  0.6715,  0.0000],
          [-0.0394,  0.6715,  0.0000],
          [-0.0394,  0.6715,  0.0000],
          ...,
          [-0.0394,  0.6715,  0.0000],
          [-0.0394,  0.6715,  0.0000],
          [-0.0394,  0.6715,  0.0000]],

         [[-0.0395,  0.6706,  0.0000],
          [-0.0395,  0.6706,  0.0000],
          [-0.0395,  0.6706,  0.0000],
          ...,
          [-0.0395,  0.6706,  0.0000],
          [-0.0395,  0.6706,  0.0000],
          [-0.0395,  0.6706,  0.0000]],

         ...,

         [[-0.0669,  0.4743,  0.0000],
          [-0.0669,  0.4743,  0.0000],
          [-0.0669,  0.4743,  0.0000],
          ...,
          [-0.0669,  0.4743,  0.0000],
          [-0.0669,  0.4743,  0.0000],
          [-0.0669,  0.4743,  0.0000]],

         [[-0.0670,  0.4734,  0.0000],
          [-0.0670,  0.4734,  0.0000],
          [-0.0670,  0.4734,  0.0000],
          ...,
          [-0.0670,  0.4734,  0.0000],
          [-0.0670,  0.4734,  0.0000],
          [-0.0670,  0.4734,  0.0000]],

         [[-0.0671,  0.4726,  0.0000],
          [-0.0671,  0.4726,  0.0000],
          [-0.0671,  0.4726,  0.0000],
          ...,
          [-0.0671,  0.4726,  0.0000],
          [-0.0671,  0.4726,  0.0000],
          [-0.0671,  0.4726,  0.0000]]],


        [[[ 0.3993, -0.0411,  0.9673],
          [ 0.4041, -0.0461,  0.9775],
          [ 0.3759,  0.1295,  0.9009],
          ...,
          [ 0.4520, -0.3777,  0.8843],
          [ 0.4620, -0.2313,  0.8789],
          [ 0.3363, -0.0263,  0.8740]],

         [[ 0.3989, -0.0406,  0.9673],
          [ 0.4036, -0.0456,  0.9775],
          [ 0.3755,  0.1300,  0.9009],
          ...,
          [ 0.4513, -0.3772,  0.8843],
          [ 0.4613, -0.2309,  0.8789],
          [ 0.3358, -0.0258,  0.8740]],

         [[ 0.3984, -0.0401,  0.9673],
          [ 0.4031, -0.0452,  0.9775],
          [ 0.3751,  0.1304,  0.9009],
          ...,
          [ 0.4506, -0.3768,  0.8843],
          [ 0.4607, -0.2305,  0.8789],
          [ 0.3353, -0.0253,  0.8740]],

         ...,

         [[ 0.3438,  0.0258,  0.9692],
          [ 0.3912,  0.0233,  0.9746],
          [ 0.3635,  0.2176,  0.9351],
          ...,
          [ 0.3803, -0.2988,  0.8809],
          [ 0.3951, -0.1392,  0.8911],
          [ 0.3080, -0.0213,  0.8843]],

         [[ 0.3433,  0.0263,  0.9692],
          [ 0.3906,  0.0238,  0.9746],
          [ 0.3631,  0.2181,  0.9351],
          ...,
          [ 0.3796, -0.2983,  0.8809],
          [ 0.3944, -0.1387,  0.8911],
          [ 0.3074, -0.0208,  0.8843]],

         [[ 0.3427,  0.0268,  0.9692],
          [ 0.3901,  0.0243,  0.9746],
          [ 0.3627,  0.2186,  0.9351],
          ...,
          [ 0.3789, -0.2978,  0.8809],
          [ 0.3938, -0.1382,  0.8911],
          [ 0.3069, -0.0203,  0.8843]]]])
===== Batch 3 =====
--- Second Dimension Index 0 of Element 0 ---
tensor([[[[ 2.9684e-03,  1.1821e-01,  9.7168e-01],
          [-5.8458e-02,  1.1683e-01,  9.8877e-01],
          [-5.2556e-02,  3.5162e-01,  9.5947e-01],
          ...,
          [-9.2506e-02, -1.7965e-01,  9.2090e-01],
          [-1.3662e-01, -2.7792e-02,  9.2676e-01],
          [-1.4006e-01,  1.2538e-01,  8.9355e-01]],

         [[ 2.8638e-03,  1.1760e-01,  9.7168e-01],
          [-5.8544e-02,  1.1627e-01,  9.8877e-01],
          [-5.2472e-02,  3.5098e-01,  9.5947e-01],
          ...,
          [-9.2798e-02, -1.8009e-01,  9.2090e-01],
          [-1.3679e-01, -2.8250e-02,  9.2676e-01],
          [-1.4011e-01,  1.2487e-01,  8.9355e-01]],

         [[ 2.7593e-03,  1.1700e-01,  9.7168e-01],
          [-5.8629e-02,  1.1571e-01,  9.8877e-01],
          [-5.2387e-02,  3.5033e-01,  9.5947e-01],
          ...,
          [-9.3090e-02, -1.8053e-01,  9.2090e-01],
          [-1.3695e-01, -2.8708e-02,  9.2676e-01],
          [-1.4017e-01,  1.2436e-01,  8.9355e-01]],

         ...,

         [[ 8.6324e-03, -3.3009e-02,  9.5850e-01],
          [-4.3781e-02, -2.0411e-02,  8.8965e-01],
          [-1.3661e-02,  1.7377e-01,  9.3506e-01],
          ...,
          [-1.2972e-01, -2.8637e-01,  9.1309e-01],
          [-1.7377e-01, -1.6223e-01,  9.1357e-01],
          [-2.0909e-01, -3.9454e-02,  9.1943e-01]],

         [[ 8.5653e-03, -3.3532e-02,  9.5850e-01],
          [-4.3821e-02, -2.0899e-02,  8.8965e-01],
          [-1.3569e-02,  1.7319e-01,  9.3506e-01],
          ...,
          [-1.2993e-01, -2.8670e-01,  9.1309e-01],
          [-1.7387e-01, -1.6258e-01,  9.1357e-01],
          [-2.0909e-01, -3.9815e-02,  9.1943e-01]],

         [[ 8.4983e-03, -3.4055e-02,  9.5850e-01],
          [-4.3860e-02, -2.1388e-02,  8.8965e-01],
          [-1.3476e-02,  1.7261e-01,  9.3506e-01],
          ...,
          [-1.3013e-01, -2.8703e-01,  9.1309e-01],
          [-1.7397e-01, -1.6292e-01,  9.1357e-01],
          [-2.0908e-01, -4.0175e-02,  9.1943e-01]]],


        [[[ 1.6078e-01,  1.5592e-02,  9.6729e-01],
          [ 1.4443e-01,  8.3659e-03,  9.7998e-01],
          [ 1.4001e-01,  2.3745e-01,  9.4873e-01],
          ...,
          [ 1.8903e-01, -2.4952e-01,  8.1689e-01],
          [ 1.4664e-01, -1.0618e-01,  9.0186e-01],
          [ 1.1849e-01,  5.6668e-02,  8.6523e-01]],

         [[ 1.5968e-01,  1.5101e-02,  9.6729e-01],
          [ 1.4333e-01,  7.8989e-03,  9.7998e-01],
          [ 1.3923e-01,  2.3696e-01,  9.4873e-01],
          ...,
          [ 1.8755e-01, -2.5001e-01,  8.1689e-01],
          [ 1.4538e-01, -1.0663e-01,  9.0186e-01],
          [ 1.1745e-01,  5.6231e-02,  8.6523e-01]],

         [[ 1.5859e-01,  1.4612e-02,  9.6729e-01],
          [ 1.4222e-01,  7.4339e-03,  9.7998e-01],
          [ 1.3845e-01,  2.3647e-01,  9.4873e-01],
          ...,
          [ 1.8608e-01, -2.5051e-01,  8.1689e-01],
          [ 1.4411e-01, -1.0709e-01,  9.0186e-01],
          [ 1.1642e-01,  5.5796e-02,  8.6523e-01]],

         ...,

         [[-7.8890e-02, -5.2607e-02,  9.6436e-01],
          [-9.2705e-02, -5.8793e-02,  9.4629e-01],
          [-4.0550e-02,  1.4955e-01,  9.5557e-01],
          ...,
          [-1.4234e-01, -3.0268e-01,  8.1396e-01],
          [-1.5651e-01, -1.7842e-01,  8.7256e-01],
          [-1.1003e-01, -3.7173e-03,  8.8135e-01]],

         [[-7.9910e-02, -5.2707e-02,  9.6436e-01],
          [-9.3732e-02, -5.8873e-02,  9.4629e-01],
          [-4.1290e-02,  1.4937e-01,  9.5557e-01],
          ...,
          [-1.4370e-01, -3.0266e-01,  8.1396e-01],
          [-1.5770e-01, -1.7840e-01,  8.7256e-01],
          [-1.1098e-01, -3.7804e-03,  8.8135e-01]],

         [[-8.0929e-02, -5.2806e-02,  9.6436e-01],
          [-9.4758e-02, -5.8951e-02,  9.4629e-01],
          [-4.2030e-02,  1.4919e-01,  9.5557e-01],
          ...,
          [-1.4507e-01, -3.0263e-01,  8.1396e-01],
          [-1.5889e-01, -1.7837e-01,  8.7256e-01],
          [-1.1192e-01, -3.8419e-03,  8.8135e-01]]],


        [[[ 1.7153e-01,  2.2681e-02,  9.8291e-01],
          [ 1.5686e-01,  1.6670e-02,  9.2578e-01],
          [ 1.0440e-01,  2.6822e-01,  9.5117e-01],
          ...,
          [ 1.6202e-01, -2.9136e-01,  9.2725e-01],
          [ 1.5858e-01, -1.2722e-01,  8.5596e-01],
          [ 1.7586e-01,  3.8231e-02,  9.1162e-01]],

         [[ 1.6970e-01,  2.2064e-02,  9.8291e-01],
          [ 1.5501e-01,  1.6068e-02,  9.2578e-01],
          [ 1.0280e-01,  2.6767e-01,  9.5117e-01],
          ...,
          [ 1.5987e-01, -2.9198e-01,  9.2725e-01],
          [ 1.5660e-01, -1.2783e-01,  8.5596e-01],
          [ 1.7404e-01,  3.7610e-02,  9.1162e-01]],

         [[ 1.6786e-01,  2.1448e-02,  9.7461e-01],
          [ 1.5317e-01,  1.5467e-02,  9.1748e-01],
          [ 1.0121e-01,  2.6713e-01,  9.4971e-01],
          ...,
          [ 1.5772e-01, -2.9259e-01,  9.3896e-01],
          [ 1.4427e-01, -1.2929e-01,  8.6621e-01],
          [ 1.6188e-01,  3.6139e-02,  9.1064e-01]],

         ...,

         [[-2.5716e-01, -1.0752e-01,  9.7705e-01],
          [-2.6782e-01, -1.1113e-01,  9.5215e-01],
          [-2.5707e-01,  1.5502e-01,  9.2480e-01],
          ...,
          [-2.6661e-01, -4.3007e-01,  9.1748e-01],
          [-2.2973e-01, -2.6108e-01,  8.8086e-01],
          [-1.8489e-01, -1.0298e-01,  8.9844e-01]],

         [[-2.5896e-01, -1.0798e-01,  9.7705e-01],
          [-2.6962e-01, -1.1157e-01,  9.5215e-01],
          [-2.5860e-01,  1.5457e-01,  9.2480e-01],
          ...,
          [-2.6872e-01, -4.3052e-01,  9.1748e-01],
          [-2.3167e-01, -2.6156e-01,  8.8086e-01],
          [-1.8668e-01, -1.0351e-01,  8.9844e-01]],

         [[-2.6075e-01, -1.0843e-01,  9.7705e-01],
          [-2.7142e-01, -1.1202e-01,  9.5215e-01],
          [-2.6013e-01,  1.5411e-01,  9.2480e-01],
          ...,
          [-2.7084e-01, -4.3097e-01,  9.1748e-01],
          [-2.3362e-01, -2.6205e-01,  8.8086e-01],
          [-1.8846e-01, -1.0404e-01,  8.9844e-01]]],


        ...,


        [[[ 6.8070e-02,  2.9337e-04,  9.3848e-01],
          [-9.4373e-03, -2.1970e-04,  9.5117e-01],
          [-7.5927e-02,  3.4723e-01,  9.5068e-01],
          ...,
          [-4.1060e-02, -4.3483e-01,  9.5020e-01],
          [-1.1133e-01, -1.9623e-01,  9.2432e-01],
          [-1.2029e-01,  3.4886e-02,  8.9404e-01]],

         [[ 6.7719e-02,  1.4305e-06,  9.3848e-01],
          [-9.7653e-03, -4.4614e-04,  9.5117e-01],
          [-7.5942e-02,  3.4696e-01,  9.5068e-01],
          ...,
          [-4.1745e-02, -4.3490e-01,  9.5020e-01],
          [-1.1180e-01, -1.9631e-01,  9.2432e-01],
          [-1.2056e-01,  3.4743e-02,  8.9404e-01]],

         [[ 6.7369e-02, -2.8998e-04,  9.3848e-01],
          [-1.0093e-02, -6.7198e-04,  9.5117e-01],
          [-7.5956e-02,  3.4669e-01,  9.5068e-01],
          ...,
          [-4.2430e-02, -4.3497e-01,  9.5020e-01],
          [-1.1226e-01, -1.9640e-01,  9.2432e-01],
          [-1.2083e-01,  3.4600e-02,  8.9404e-01]],

         ...,

         [[-3.3974e-02, -4.9251e-02,  8.7842e-01],
          [-1.0341e-01, -3.5343e-02,  9.0039e-01],
          [-8.6749e-02,  2.7436e-01,  8.9404e-01],
          ...,
          [-1.5766e-01, -4.4082e-01,  9.4922e-01],
          [-2.2169e-01, -2.3665e-01,  9.1797e-01],
          [-3.9712e-02, -2.5469e-01,  8.9746e-01]],

         [[-3.4256e-02, -4.9395e-02,  8.7842e-01],
          [-1.0366e-01, -3.5433e-02,  9.0039e-01],
          [-8.6741e-02,  2.7416e-01,  8.9404e-01],
          ...,
          [-1.5823e-01, -4.4073e-01,  9.4922e-01],
          [-2.2207e-01, -2.3657e-01,  9.1797e-01],
          [-4.0166e-02, -2.5477e-01,  8.9746e-01]],

         [[-3.4538e-02, -4.9539e-02,  8.7842e-01],
          [-1.0391e-01, -3.5523e-02,  9.0039e-01],
          [-8.6733e-02,  2.7396e-01,  8.9404e-01],
          ...,
          [-1.5881e-01, -4.4064e-01,  9.4922e-01],
          [-2.2245e-01, -2.3650e-01,  9.1797e-01],
          [-4.0620e-02, -2.5484e-01,  8.9746e-01]]],


        [[[-3.5199e-02,  3.5019e-02,  9.8828e-01],
          [-9.3859e-02,  4.4598e-02,  1.0000e+00],
          [-4.5206e-02,  2.7871e-01,  9.9268e-01],
          ...,
          [-1.7723e-01, -2.6028e-01,  8.5986e-01],
          [-1.8082e-01, -8.3656e-02,  8.9648e-01],
          [-1.5466e-01,  7.6532e-02,  9.1260e-01]],

         [[-3.6289e-02,  3.0099e-02,  9.8438e-01],
          [-9.4932e-02,  3.9654e-02,  1.0000e+00],
          [-4.6380e-02,  2.7370e-01,  9.8584e-01],
          ...,
          [-1.7642e-01, -2.5444e-01,  8.7012e-01],
          [-1.8016e-01, -7.8437e-02,  9.0039e-01],
          [-1.5389e-01,  8.2832e-02,  9.0381e-01]],

         [[-3.6643e-02,  2.9691e-02,  9.8438e-01],
          [-9.5269e-02,  3.9221e-02,  1.0000e+00],
          [-4.6817e-02,  2.7320e-01,  9.8584e-01],
          ...,
          [-1.7662e-01, -2.5479e-01,  8.7012e-01],
          [-1.8043e-01, -7.8858e-02,  9.0039e-01],
          [-1.5422e-01,  8.2363e-02,  9.0381e-01]],

         ...,

         [[ 5.5253e-02, -4.7636e-02,  9.3115e-01],
          [-1.0645e-03, -4.3347e-02,  9.5361e-01],
          [ 2.5556e-02,  1.8225e-01,  9.7119e-01],
          ...,
          [-5.5106e-02, -3.3976e-01,  8.7646e-01],
          [-7.3806e-02, -1.7208e-01,  9.0576e-01],
          [-5.1623e-02, -1.8518e-02,  8.8525e-01]],

         [[ 5.4224e-02, -5.5248e-02,  9.5947e-01],
          [-2.4691e-03, -5.6194e-02,  9.9365e-01],
          [ 2.5735e-02,  1.7759e-01,  9.5557e-01],
          ...,
          [-5.4275e-02, -3.3852e-01,  8.8818e-01],
          [-7.3224e-02, -1.7351e-01,  9.2236e-01],
          [-6.1609e-02, -2.0256e-02,  8.6426e-01]],

         [[ 5.3750e-02, -5.5560e-02,  9.5947e-01],
          [-2.9209e-03, -5.6526e-02,  9.9365e-01],
          [ 2.5189e-02,  1.7718e-01,  9.5557e-01],
          ...,
          [-5.4605e-02, -3.3876e-01,  8.8818e-01],
          [-7.3607e-02, -1.7382e-01,  9.2236e-01],
          [-6.2051e-02, -2.0623e-02,  8.6426e-01]]],


        [[[-3.1096e-01, -5.3215e-02,  9.5117e-01],
          [-3.2359e-01, -5.1861e-02,  9.8730e-01],
          [-3.2497e-01, -4.0714e-03,  9.8242e-01],
          ...,
          [-3.3848e-01, -1.2611e-01,  9.2480e-01],
          [-3.4385e-01, -8.5482e-02,  8.9209e-01],
          [-3.3306e-01, -4.7944e-02,  8.9160e-01]],

         [[-3.1097e-01, -5.3025e-02,  9.5117e-01],
          [-3.2360e-01, -5.1665e-02,  9.8730e-01],
          [-3.2496e-01, -3.8959e-03,  9.8242e-01],
          ...,
          [-3.3852e-01, -1.2587e-01,  9.2480e-01],
          [-3.4387e-01, -8.5263e-02,  8.9209e-01],
          [-3.3307e-01, -4.7746e-02,  8.9160e-01]],

         [[-3.1098e-01, -5.3361e-02,  9.4238e-01],
          [-3.2351e-01, -5.2095e-02,  9.8389e-01],
          [-3.2257e-01, -4.5941e-03,  9.9170e-01],
          ...,
          [-3.3827e-01, -1.2530e-01,  9.0869e-01],
          [-3.4358e-01, -8.5020e-02,  8.9404e-01],
          [-3.3299e-01, -4.5855e-02,  8.8037e-01]],

         ...,

         [[-6.0588e-02,  9.3312e-03,  9.0967e-01],
          [-6.6398e-02,  1.3126e-02,  8.8672e-01],
          [-6.4777e-02,  5.8371e-02,  9.2969e-01],
          ...,
          [-7.8835e-02, -6.5332e-02,  8.5010e-01],
          [-8.9092e-02, -1.9661e-02,  8.7695e-01],
          [-7.8126e-02,  2.2984e-02,  8.8477e-01]],

         [[-6.0691e-02,  9.3739e-03,  9.0967e-01],
          [-6.6496e-02,  1.3169e-02,  8.8672e-01],
          [-6.4855e-02,  5.8393e-02,  9.2969e-01],
          ...,
          [-7.8964e-02, -6.5245e-02,  8.5010e-01],
          [-8.9194e-02, -1.9592e-02,  8.7695e-01],
          [-7.8214e-02,  2.3028e-02,  8.8477e-01]],

         [[-6.0793e-02,  9.4167e-03,  9.0967e-01],
          [-6.6594e-02,  1.3213e-02,  8.8672e-01],
          [-6.4933e-02,  5.8414e-02,  9.2969e-01],
          ...,
          [-7.9093e-02, -6.5158e-02,  8.5010e-01],
          [-8.9297e-02, -1.9522e-02,  8.7695e-01],
          [-7.8302e-02,  2.3073e-02,  8.8477e-01]]]])
--- Second Dimension Index 1 of Element 0 ---
tensor([[[[-0.1879,  0.7636,  0.0000],
          [-0.1879,  0.7636,  0.0000],
          [-0.1879,  0.7636,  0.0000],
          ...,
          [-0.1879,  0.7636,  0.0000],
          [-0.1879,  0.7636,  0.0000],
          [-0.1879,  0.7636,  0.0000]],

         [[-0.1875,  0.7629,  0.0000],
          [-0.1875,  0.7629,  0.0000],
          [-0.1875,  0.7629,  0.0000],
          ...,
          [-0.1875,  0.7629,  0.0000],
          [-0.1875,  0.7629,  0.0000],
          [-0.1875,  0.7629,  0.0000]],

         [[-0.1871,  0.7623,  0.0000],
          [-0.1871,  0.7623,  0.0000],
          [-0.1871,  0.7623,  0.0000],
          ...,
          [-0.1871,  0.7623,  0.0000],
          [-0.1871,  0.7623,  0.0000],
          [-0.1871,  0.7623,  0.0000]],

         ...,

         [[-0.0844,  0.6011,  0.0000],
          [-0.0844,  0.6011,  0.0000],
          [-0.0844,  0.6011,  0.0000],
          ...,
          [-0.0844,  0.6011,  0.0000],
          [-0.0844,  0.6011,  0.0000],
          [-0.0844,  0.6011,  0.0000]],

         [[-0.0840,  0.6004,  0.0000],
          [-0.0840,  0.6004,  0.0000],
          [-0.0840,  0.6004,  0.0000],
          ...,
          [-0.0840,  0.6004,  0.0000],
          [-0.0840,  0.6004,  0.0000],
          [-0.0840,  0.6004,  0.0000]],

         [[-0.0836,  0.5997,  0.0000],
          [-0.0836,  0.5997,  0.0000],
          [-0.0836,  0.5997,  0.0000],
          ...,
          [-0.0836,  0.5997,  0.0000],
          [-0.0836,  0.5997,  0.0000],
          [-0.0836,  0.5997,  0.0000]]],


        [[[ 0.0179,  0.8927,  0.0000],
          [ 0.0179,  0.8927,  0.0000],
          [ 0.0179,  0.8927,  0.0000],
          ...,
          [ 0.0179,  0.8927,  0.0000],
          [ 0.0179,  0.8927,  0.0000],
          [ 0.0179,  0.8927,  0.0000]],

         [[ 0.0181,  0.8923,  0.0000],
          [ 0.0181,  0.8923,  0.0000],
          [ 0.0181,  0.8923,  0.0000],
          ...,
          [ 0.0181,  0.8923,  0.0000],
          [ 0.0181,  0.8923,  0.0000],
          [ 0.0181,  0.8923,  0.0000]],

         [[ 0.0182,  0.8919,  0.0000],
          [ 0.0182,  0.8919,  0.0000],
          [ 0.0182,  0.8919,  0.0000],
          ...,
          [ 0.0182,  0.8919,  0.0000],
          [ 0.0182,  0.8919,  0.0000],
          [ 0.0182,  0.8919,  0.0000]],

         ...,

         [[ 0.0556,  0.7954,  0.0000],
          [ 0.0556,  0.7954,  0.0000],
          [ 0.0556,  0.7954,  0.0000],
          ...,
          [ 0.0556,  0.7954,  0.0000],
          [ 0.0556,  0.7954,  0.0000],
          [ 0.0556,  0.7954,  0.0000]],

         [[ 0.0557,  0.7950,  0.0000],
          [ 0.0557,  0.7950,  0.0000],
          [ 0.0557,  0.7950,  0.0000],
          ...,
          [ 0.0557,  0.7950,  0.0000],
          [ 0.0557,  0.7950,  0.0000],
          [ 0.0557,  0.7950,  0.0000]],

         [[ 0.0559,  0.7946,  0.0000],
          [ 0.0559,  0.7946,  0.0000],
          [ 0.0559,  0.7946,  0.0000],
          ...,
          [ 0.0559,  0.7946,  0.0000],
          [ 0.0559,  0.7946,  0.0000],
          [ 0.0559,  0.7946,  0.0000]]],


        [[[ 0.2952,  0.7425,  0.0000],
          [ 0.2952,  0.7425,  0.0000],
          [ 0.2952,  0.7425,  0.0000],
          ...,
          [ 0.2952,  0.7425,  0.0000],
          [ 0.2952,  0.7425,  0.0000],
          [ 0.2952,  0.7425,  0.0000]],

         [[ 0.2941,  0.7417,  0.0000],
          [ 0.2941,  0.7417,  0.0000],
          [ 0.2941,  0.7417,  0.0000],
          ...,
          [ 0.2941,  0.7417,  0.0000],
          [ 0.2941,  0.7417,  0.0000],
          [ 0.2941,  0.7417,  0.0000]],

         [[ 0.2930,  0.7410,  0.0000],
          [ 0.2930,  0.7410,  0.0000],
          [ 0.2930,  0.7410,  0.0000],
          ...,
          [ 0.2930,  0.7410,  0.0000],
          [ 0.2930,  0.7410,  0.0000],
          [ 0.2930,  0.7410,  0.0000]],

         ...,

         [[ 0.0267,  0.5674,  0.0000],
          [ 0.0267,  0.5674,  0.0000],
          [ 0.0267,  0.5674,  0.0000],
          ...,
          [ 0.0267,  0.5674,  0.0000],
          [ 0.0267,  0.5674,  0.0000],
          [ 0.0267,  0.5674,  0.0000]],

         [[ 0.0256,  0.5667,  0.0000],
          [ 0.0256,  0.5667,  0.0000],
          [ 0.0256,  0.5667,  0.0000],
          ...,
          [ 0.0256,  0.5667,  0.0000],
          [ 0.0256,  0.5667,  0.0000],
          [ 0.0256,  0.5667,  0.0000]],

         [[ 0.0245,  0.5659,  0.0000],
          [ 0.0245,  0.5659,  0.0000],
          [ 0.0245,  0.5659,  0.0000],
          ...,
          [ 0.0245,  0.5659,  0.0000],
          [ 0.0245,  0.5659,  0.0000],
          [ 0.0245,  0.5659,  0.0000]]],


        ...,


        [[[-0.1472,  0.6563,  0.0000],
          [-0.1472,  0.6563,  0.0000],
          [-0.1472,  0.6563,  0.0000],
          ...,
          [-0.1472,  0.6563,  0.0000],
          [-0.1472,  0.6563,  0.0000],
          [-0.1472,  0.6563,  0.0000]],

         [[-0.1470,  0.6560,  0.0000],
          [-0.1470,  0.6560,  0.0000],
          [-0.1470,  0.6560,  0.0000],
          ...,
          [-0.1470,  0.6560,  0.0000],
          [-0.1470,  0.6560,  0.0000],
          [-0.1470,  0.6560,  0.0000]],

         [[-0.1467,  0.6557,  0.0000],
          [-0.1467,  0.6557,  0.0000],
          [-0.1467,  0.6557,  0.0000],
          ...,
          [-0.1467,  0.6557,  0.0000],
          [-0.1467,  0.6557,  0.0000],
          [-0.1467,  0.6557,  0.0000]],

         ...,

         [[-0.0831,  0.5830,  0.0000],
          [-0.0831,  0.5830,  0.0000],
          [-0.0831,  0.5830,  0.0000],
          ...,
          [-0.0831,  0.5830,  0.0000],
          [-0.0831,  0.5830,  0.0000],
          [-0.0831,  0.5830,  0.0000]],

         [[-0.0828,  0.5827,  0.0000],
          [-0.0828,  0.5827,  0.0000],
          [-0.0828,  0.5827,  0.0000],
          ...,
          [-0.0828,  0.5827,  0.0000],
          [-0.0828,  0.5827,  0.0000],
          [-0.0828,  0.5827,  0.0000]],

         [[-0.0825,  0.5824,  0.0000],
          [-0.0825,  0.5824,  0.0000],
          [-0.0825,  0.5824,  0.0000],
          ...,
          [-0.0825,  0.5824,  0.0000],
          [-0.0825,  0.5824,  0.0000],
          [-0.0825,  0.5824,  0.0000]]],


        [[[ 0.1558,  0.8783,  0.0000],
          [ 0.1558,  0.8783,  0.0000],
          [ 0.1558,  0.8783,  0.0000],
          ...,
          [ 0.1558,  0.8783,  0.0000],
          [ 0.1558,  0.8783,  0.0000],
          [ 0.1558,  0.8783,  0.0000]],

         [[ 0.1551,  0.8776,  0.0000],
          [ 0.1551,  0.8776,  0.0000],
          [ 0.1551,  0.8776,  0.0000],
          ...,
          [ 0.1551,  0.8776,  0.0000],
          [ 0.1551,  0.8776,  0.0000],
          [ 0.1551,  0.8776,  0.0000]],

         [[ 0.1543,  0.8770,  0.0000],
          [ 0.1543,  0.8770,  0.0000],
          [ 0.1543,  0.8770,  0.0000],
          ...,
          [ 0.1543,  0.8770,  0.0000],
          [ 0.1543,  0.8770,  0.0000],
          [ 0.1543,  0.8770,  0.0000]],

         ...,

         [[-0.0181,  0.7247,  0.0000],
          [-0.0181,  0.7247,  0.0000],
          [-0.0181,  0.7247,  0.0000],
          ...,
          [-0.0181,  0.7247,  0.0000],
          [-0.0181,  0.7247,  0.0000],
          [-0.0181,  0.7247,  0.0000]],

         [[-0.0188,  0.7241,  0.0000],
          [-0.0188,  0.7241,  0.0000],
          [-0.0188,  0.7241,  0.0000],
          ...,
          [-0.0188,  0.7241,  0.0000],
          [-0.0188,  0.7241,  0.0000],
          [-0.0188,  0.7241,  0.0000]],

         [[-0.0195,  0.7235,  0.0000],
          [-0.0195,  0.7235,  0.0000],
          [-0.0195,  0.7235,  0.0000],
          ...,
          [-0.0195,  0.7235,  0.0000],
          [-0.0195,  0.7235,  0.0000],
          [-0.0195,  0.7235,  0.0000]]],


        [[[-0.1123, -0.0062,  0.1531],
          [-0.1124, -0.0049,  0.1899],
          [-0.1089, -0.0152,  0.1669],
          ...,
          [ 0.0694, -0.0096,  0.0815],
          [-0.1246, -0.0191,  0.2147],
          [ 0.0715,  0.0012,  0.2258]],

         [[-0.1124, -0.0061,  0.1531],
          [-0.1125, -0.0048,  0.1899],
          [-0.1090, -0.0151,  0.1669],
          ...,
          [ 0.0692, -0.0096,  0.0815],
          [-0.1247, -0.0190,  0.2147],
          [ 0.0713,  0.0011,  0.2258]],

         [[-0.1126, -0.0047,  0.1448],
          [-0.1126, -0.0047,  0.1791],
          [-0.1091, -0.0150,  0.1606],
          ...,
          [ 0.0747, -0.0119,  0.0723],
          [ 0.0749, -0.0146,  0.2585],
          [ 0.0712,  0.0011,  0.2479]],

         ...,

         [[-0.0140,  0.0258,  0.9404],
          [-0.0034,  0.0229,  0.9360],
          [-0.0108,  0.0781,  0.7871],
          ...,
          [-0.0015, -0.0607,  0.8682],
          [-0.0165, -0.0172,  0.7803],
          [-0.0503, -0.0231,  0.8389]],

         [[-0.0142,  0.0258,  0.9404],
          [-0.0035,  0.0230,  0.9360],
          [-0.0109,  0.0781,  0.7871],
          ...,
          [-0.0016, -0.0607,  0.8682],
          [-0.0167, -0.0171,  0.7803],
          [-0.0505, -0.0231,  0.8389]],

         [[-0.0143,  0.0258,  0.9404],
          [-0.0036,  0.0230,  0.9360],
          [-0.0110,  0.0781,  0.7871],
          ...,
          [-0.0018, -0.0606,  0.8682],
          [-0.0168, -0.0171,  0.7803],
          [-0.0506, -0.0230,  0.8389]]]])
===== Batch 4 =====
--- Second Dimension Index 0 of Element 0 ---
tensor([[[[-9.0405e-02, -3.5888e-02,  9.5117e-01],
          [-1.2804e-01, -3.8657e-02,  9.7900e-01],
          [-1.1661e-01,  1.1355e-01,  9.7461e-01],
          ...,
          [-1.1914e-01, -2.6584e-01,  9.2236e-01],
          [-1.4995e-01, -1.5458e-01,  9.2480e-01],
          [-1.6550e-01, -4.9215e-02,  9.1455e-01]],

         [[-8.9735e-02, -3.5435e-02,  9.5117e-01],
          [-1.2737e-01, -3.8199e-02,  9.7900e-01],
          [-1.1592e-01,  1.1398e-01,  9.7461e-01],
          ...,
          [-1.1849e-01, -2.6533e-01,  9.2236e-01],
          [-1.4928e-01, -1.5409e-01,  9.2480e-01],
          [-1.6482e-01, -4.8750e-02,  9.1455e-01]],

         [[-8.9065e-02, -3.4983e-02,  9.5117e-01],
          [-1.2669e-01, -3.7741e-02,  9.7900e-01],
          [-1.1523e-01,  1.1440e-01,  9.7461e-01],
          ...,
          [-1.1784e-01, -2.6482e-01,  9.2236e-01],
          [-1.4861e-01, -1.5360e-01,  9.2480e-01],
          [-1.6413e-01, -4.8286e-02,  9.1455e-01]],

         ...,

         [[ 6.7891e-02,  7.4828e-02,  9.8340e-01],
          [ 2.9023e-02,  6.9714e-02,  9.6338e-01],
          [ 5.1180e-02,  2.1314e-01,  9.7266e-01],
          ...,
          [ 2.4869e-02, -1.4408e-01,  9.0186e-01],
          [ 1.2597e-02, -3.8028e-02,  9.1260e-01],
          [ 6.4826e-04,  6.1027e-02,  9.1504e-01]],

         [[ 6.8570e-02,  7.5284e-02,  9.8340e-01],
          [ 2.9710e-02,  7.0176e-02,  9.6338e-01],
          [ 5.1878e-02,  2.1356e-01,  9.7266e-01],
          ...,
          [ 2.5533e-02, -1.4357e-01,  9.0186e-01],
          [ 1.3276e-02, -3.7540e-02,  9.1260e-01],
          [ 1.3409e-03,  6.1494e-02,  9.1504e-01]],

         [[ 6.9249e-02,  7.5740e-02,  9.8340e-01],
          [ 3.0397e-02,  7.0637e-02,  9.6338e-01],
          [ 5.2576e-02,  2.1399e-01,  9.7266e-01],
          ...,
          [ 2.6196e-02, -1.4305e-01,  9.0186e-01],
          [ 1.3954e-02, -3.7052e-02,  9.1260e-01],
          [ 2.0335e-03,  6.1960e-02,  9.1504e-01]]],


        [[[ 1.9121e-01,  1.1610e-01,  9.4482e-01],
          [ 2.1250e-01,  9.6947e-02,  9.8145e-01],
          [ 2.3661e-01,  4.4496e-01,  9.1357e-01],
          ...,
          [ 1.0028e-01, -3.8223e-01,  7.5830e-01],
          [ 1.4405e-01, -1.1666e-01,  8.6719e-01],
          [ 8.1515e-02,  8.5290e-02,  8.4961e-01]],

         [[ 1.9064e-01,  1.1537e-01,  9.4482e-01],
          [ 2.1193e-01,  9.6238e-02,  9.8145e-01],
          [ 2.3578e-01,  4.4410e-01,  9.1357e-01],
          ...,
          [ 1.0012e-01, -3.8278e-01,  7.5830e-01],
          [ 1.4367e-01, -1.1731e-01,  8.6719e-01],
          [ 8.1022e-02,  8.4492e-02,  8.4961e-01]],

         [[ 1.9007e-01,  1.1463e-01,  9.4482e-01],
          [ 2.1136e-01,  9.5530e-02,  9.8145e-01],
          [ 2.3494e-01,  4.4323e-01,  9.1357e-01],
          ...,
          [ 9.9957e-02, -3.8333e-01,  7.5830e-01],
          [ 1.4330e-01, -1.1796e-01,  8.6719e-01],
          [ 8.0528e-02,  8.3695e-02,  8.4961e-01]],

         ...,

         [[ 3.6235e-02, -7.3236e-02,  9.1455e-01],
          [ 5.8427e-02, -8.6976e-02,  9.4531e-01],
          [ 2.6209e-02,  2.1867e-01,  9.1016e-01],
          ...,
          [ 3.4470e-02, -5.2464e-01,  7.7441e-01],
          [-4.0850e-02, -3.0678e-01,  8.5986e-01],
          [-1.1536e-01, -1.6181e-01,  8.6182e-01]],

         [[ 3.5404e-02, -7.3716e-02,  9.1455e-01],
          [ 5.7593e-02, -8.7432e-02,  9.4531e-01],
          [ 2.5172e-02,  2.1802e-01,  9.1016e-01],
          ...,
          [ 3.3968e-02, -5.2486e-01,  7.7441e-01],
          [-4.1467e-02, -3.0718e-01,  8.5986e-01],
          [-1.1604e-01, -1.6234e-01,  8.6182e-01]],

         [[ 3.4572e-02, -7.4195e-02,  9.1455e-01],
          [ 5.6758e-02, -8.7886e-02,  9.4531e-01],
          [ 2.4134e-02,  2.1736e-01,  9.1016e-01],
          ...,
          [ 3.3464e-02, -5.2508e-01,  7.7441e-01],
          [-4.2085e-02, -3.0758e-01,  8.5986e-01],
          [-1.1672e-01, -1.6288e-01,  8.6182e-01]]],


        [[[ 1.6022e-01,  3.5430e-02,  9.9268e-01],
          [ 5.2852e-02,  3.9317e-02,  9.7266e-01],
          [ 1.3297e-02,  5.6373e-01,  9.7949e-01],
          ...,
          [ 1.3062e-02, -7.0443e-01,  8.8721e-01],
          [-4.1280e-02, -3.0180e-01,  9.2969e-01],
          [ 5.2852e-02,  3.9317e-02,  8.9893e-01]],

         [[ 1.5866e-01,  3.5857e-02,  9.9268e-01],
          [ 5.1368e-02,  3.9737e-02,  9.7266e-01],
          [ 1.1820e-02,  5.6378e-01,  9.7949e-01],
          ...,
          [ 1.1635e-02, -7.0350e-01,  8.8721e-01],
          [-4.2686e-02, -3.0115e-01,  9.2969e-01],
          [ 5.1368e-02,  3.9737e-02,  8.9893e-01]],

         [[ 1.5711e-01,  3.6284e-02,  9.9268e-01],
          [ 4.9884e-02,  4.0158e-02,  9.7266e-01],
          [ 1.0342e-02,  5.6384e-01,  9.7949e-01],
          ...,
          [ 1.0208e-02, -7.0257e-01,  8.8721e-01],
          [-4.4091e-02, -3.0049e-01,  9.2969e-01],
          [ 4.9884e-02,  4.0158e-02,  8.9893e-01]],

         ...,

         [[-2.7607e-01,  8.7929e-02,  9.6191e-01],
          [-3.4694e-01,  8.1907e-02,  9.1699e-01],
          [-3.6900e-01,  5.4569e-01,  9.6191e-01],
          ...,
          [-2.5010e-01, -4.2956e-01,  8.8281e-01],
          [-3.6604e-01, -1.1719e-01,  9.2090e-01],
          [-3.1871e-01,  1.7370e-01,  9.0186e-01]],

         [[-2.7759e-01,  8.8394e-02,  9.6191e-01],
          [-3.4840e-01,  8.2373e-02,  9.1699e-01],
          [-3.7047e-01,  5.4577e-01,  9.6191e-01],
          ...,
          [-2.5163e-01, -4.2867e-01,  8.8281e-01],
          [-3.6748e-01, -1.1656e-01,  9.2090e-01],
          [-3.2020e-01,  1.7409e-01,  9.0186e-01]],

         [[-2.7911e-01,  8.8858e-02,  9.6191e-01],
          [-3.4986e-01,  8.2840e-02,  9.1699e-01],
          [-3.7193e-01,  5.4585e-01,  9.6191e-01],
          ...,
          [-2.5315e-01, -4.2777e-01,  8.8281e-01],
          [-3.6892e-01, -1.1593e-01,  9.2090e-01],
          [-3.2169e-01,  1.7448e-01,  9.0186e-01]]],


        ...,


        [[[ 1.3046e-01,  2.0472e-02,  9.7559e-01],
          [ 6.2000e-02,  2.3888e-02,  9.8340e-01],
          [ 6.4842e-02,  2.7402e-01,  9.8975e-01],
          ...,
          [ 5.2245e-03, -3.1926e-01,  9.0283e-01],
          [-2.2999e-02, -1.4968e-01,  8.6279e-01],
          [ 7.8450e-02, -1.1221e-01,  9.0967e-01]],

         [[ 1.2954e-01,  2.0170e-02,  9.7559e-01],
          [ 6.1083e-02,  2.3618e-02,  9.8340e-01],
          [ 6.4043e-02,  2.7374e-01,  9.8975e-01],
          ...,
          [ 4.1472e-03, -3.1949e-01,  9.0283e-01],
          [-2.3995e-02, -1.4991e-01,  8.6279e-01],
          [ 7.7467e-02, -1.1248e-01,  9.0967e-01]],

         [[ 1.3507e-01,  1.6911e-02,  9.5850e-01],
          [ 6.6442e-02,  2.5681e-02,  9.4043e-01],
          [ 6.8426e-02,  2.7682e-01,  9.7510e-01],
          ...,
          [-2.2388e-03, -3.1937e-01,  8.9307e-01],
          [-1.9755e-02, -1.4836e-01,  8.5693e-01],
          [ 8.2102e-02, -1.2209e-01,  9.1650e-01]],

         ...,

         [[-1.1049e-01, -5.3478e-02,  9.0527e-01],
          [-1.7375e-01, -4.2712e-02,  8.9648e-01],
          [-1.3078e-01,  2.0930e-01,  9.1650e-01],
          ...,
          [-2.8044e-01, -3.6959e-01,  8.8672e-01],
          [-2.7740e-01, -1.8432e-01,  8.9014e-01],
          [-1.6069e-01, -1.7039e-01,  9.1309e-01]],

         [[-1.1140e-01, -5.3725e-02,  9.0527e-01],
          [-1.7466e-01, -4.2930e-02,  8.9648e-01],
          [-1.3156e-01,  2.0905e-01,  9.1650e-01],
          ...,
          [-2.8149e-01, -3.6974e-01,  8.8672e-01],
          [-2.7837e-01, -1.8448e-01,  8.9014e-01],
          [-1.6166e-01, -1.7061e-01,  9.1309e-01]],

         [[-1.1231e-01, -5.3972e-02,  9.0527e-01],
          [-1.7556e-01, -4.3148e-02,  8.9648e-01],
          [-1.3235e-01,  2.0880e-01,  9.1650e-01],
          ...,
          [-2.8255e-01, -3.6989e-01,  8.8672e-01],
          [-2.7934e-01, -1.8464e-01,  8.9014e-01],
          [-1.6262e-01, -1.7083e-01,  9.1309e-01]]],


        [[[-8.2583e-02,  1.0752e-01,  9.4141e-01],
          [-1.0784e-01,  1.0963e-01,  9.5166e-01],
          [-1.3248e-01,  2.5324e-01,  9.6045e-01],
          ...,
          [-1.0506e-01, -9.7278e-02,  8.5645e-01],
          [-1.0954e-01,  9.3255e-03,  8.9355e-01],
          [-9.5170e-02,  1.1017e-01,  8.7646e-01]],

         [[-8.2980e-02,  1.0709e-01,  9.4141e-01],
          [-1.0825e-01,  1.0922e-01,  9.5166e-01],
          [-1.3279e-01,  2.5296e-01,  9.6045e-01],
          ...,
          [-1.0565e-01, -9.7844e-02,  8.5645e-01],
          [-1.1004e-01,  8.8412e-03,  8.9355e-01],
          [-9.5574e-02,  1.0974e-01,  8.7646e-01]],

         [[-8.5102e-02,  1.0743e-01,  9.6777e-01],
          [-1.1039e-01,  1.0959e-01,  9.5508e-01],
          [-1.3526e-01,  2.5385e-01,  9.6729e-01],
          ...,
          [-1.0863e-01, -9.1941e-02,  8.6182e-01],
          [-1.1293e-01,  1.5038e-02,  9.0771e-01],
          [-9.7704e-02,  1.1010e-01,  8.6426e-01]],

         ...,

         [[-1.9656e-01,  1.3591e-02,  9.5801e-01],
          [-2.4085e-01,  2.1220e-02,  9.1309e-01],
          [-2.1894e-01,  1.9230e-01,  9.4434e-01],
          ...,
          [-3.0898e-01, -1.9582e-01,  9.0625e-01],
          [-3.1794e-01, -7.2328e-02,  8.8037e-01],
          [-2.4473e-01, -1.2915e-03,  8.6523e-01]],

         [[-1.9699e-01,  1.3274e-02,  9.5801e-01],
          [-2.4130e-01,  2.0947e-02,  9.1309e-01],
          [-2.1923e-01,  1.9211e-01,  9.4434e-01],
          ...,
          [-3.0967e-01, -1.9616e-01,  9.0625e-01],
          [-3.1852e-01, -7.2591e-02,  8.8037e-01],
          [-2.4520e-01, -1.5752e-03,  8.6523e-01]],

         [[-1.9743e-01,  1.2957e-02,  9.5801e-01],
          [-2.4176e-01,  2.0674e-02,  9.1309e-01],
          [-2.1952e-01,  1.9193e-01,  9.4434e-01],
          ...,
          [-3.1036e-01, -1.9651e-01,  9.0625e-01],
          [-3.1911e-01, -7.2853e-02,  8.8037e-01],
          [-2.4568e-01, -1.8583e-03,  8.6523e-01]]],


        [[[ 2.5719e-01,  1.2006e-01,  9.5605e-01],
          [ 1.7925e-01,  1.0820e-01,  9.6387e-01],
          [ 1.5722e-01,  4.5838e-01,  9.9414e-01],
          ...,
          [ 2.8141e-01, -3.5804e-01,  8.9355e-01],
          [ 1.9654e-01, -1.1361e-01,  8.6084e-01],
          [ 1.1496e-01,  9.8424e-02,  9.0869e-01]],

         [[ 2.5514e-01,  1.1992e-01,  9.5605e-01],
          [ 1.7717e-01,  1.0812e-01,  9.6387e-01],
          [ 1.5539e-01,  4.5841e-01,  9.9414e-01],
          ...,
          [ 2.7903e-01, -3.5834e-01,  8.9355e-01],
          [ 1.9431e-01, -1.1378e-01,  8.6084e-01],
          [ 1.1286e-01,  9.8382e-02,  9.0869e-01]],

         [[ 2.5310e-01,  1.1979e-01,  9.5605e-01],
          [ 1.7509e-01,  1.0803e-01,  9.6387e-01],
          [ 1.5355e-01,  4.5845e-01,  9.9414e-01],
          ...,
          [ 2.7665e-01, -3.5863e-01,  8.9355e-01],
          [ 1.9208e-01, -1.1394e-01,  8.6084e-01],
          [ 1.1075e-01,  9.8341e-02,  9.0869e-01]],

         ...,

         [[-2.6693e-01,  1.2104e-01,  9.7510e-01],
          [-3.5930e-01,  1.2281e-01,  9.5850e-01],
          [-3.3650e-01,  4.9546e-01,  9.9268e-01],
          ...,
          [-3.3590e-01, -3.8672e-01,  9.0234e-01],
          [-3.9870e-01, -1.1442e-01,  8.9648e-01],
          [-4.6246e-01,  1.0734e-01,  9.0527e-01]],

         [[-2.6914e-01,  1.2109e-01,  9.7510e-01],
          [-3.6153e-01,  1.2292e-01,  9.5850e-01],
          [-3.3846e-01,  4.9566e-01,  9.9268e-01],
          ...,
          [-3.3848e-01, -3.8676e-01,  9.0234e-01],
          [-4.0110e-01, -1.1434e-01,  8.9648e-01],
          [-4.6473e-01,  1.0752e-01,  9.0527e-01]],

         [[-2.7134e-01,  1.2114e-01,  9.7510e-01],
          [-3.6376e-01,  1.2303e-01,  9.5850e-01],
          [-3.4042e-01,  4.9586e-01,  9.9268e-01],
          ...,
          [-3.4106e-01, -3.8681e-01,  9.0234e-01],
          [-4.0351e-01, -1.1427e-01,  8.9648e-01],
          [-4.6699e-01,  1.0770e-01,  9.0527e-01]]]])
--- Second Dimension Index 1 of Element 0 ---
tensor([[[[-0.1894,  0.6146,  0.0000],
          [-0.1894,  0.6146,  0.0000],
          [-0.1894,  0.6146,  0.0000],
          ...,
          [-0.1894,  0.6146,  0.0000],
          [-0.1894,  0.6146,  0.0000],
          [-0.1894,  0.6146,  0.0000]],

         [[-0.1886,  0.6149,  0.0000],
          [-0.1886,  0.6149,  0.0000],
          [-0.1886,  0.6149,  0.0000],
          ...,
          [-0.1886,  0.6149,  0.0000],
          [-0.1886,  0.6149,  0.0000],
          [-0.1886,  0.6149,  0.0000]],

         [[-0.1878,  0.6152,  0.0000],
          [-0.1878,  0.6152,  0.0000],
          [-0.1878,  0.6152,  0.0000],
          ...,
          [-0.1878,  0.6152,  0.0000],
          [-0.1878,  0.6152,  0.0000],
          [-0.1878,  0.6152,  0.0000]],

         ...,

         [[-0.0056,  0.6916,  0.0000],
          [-0.0056,  0.6916,  0.0000],
          [-0.0056,  0.6916,  0.0000],
          ...,
          [-0.0056,  0.6916,  0.0000],
          [-0.0056,  0.6916,  0.0000],
          [-0.0056,  0.6916,  0.0000]],

         [[-0.0048,  0.6919,  0.0000],
          [-0.0048,  0.6919,  0.0000],
          [-0.0048,  0.6919,  0.0000],
          ...,
          [-0.0048,  0.6919,  0.0000],
          [-0.0048,  0.6919,  0.0000],
          [-0.0048,  0.6919,  0.0000]],

         [[-0.0040,  0.6922,  0.0000],
          [-0.0040,  0.6922,  0.0000],
          [-0.0040,  0.6922,  0.0000],
          ...,
          [-0.0040,  0.6922,  0.0000],
          [-0.0040,  0.6922,  0.0000],
          [-0.0040,  0.6922,  0.0000]]],


        [[[ 0.4559,  1.0000,  0.0000],
          [ 0.4559,  1.0000,  0.0000],
          [ 0.4559,  1.0000,  0.0000],
          ...,
          [ 0.4559,  1.0000,  0.0000],
          [ 0.4559,  1.0000,  0.0000],
          [ 0.4559,  1.0000,  0.0000]],

         [[ 0.4540,  1.0000,  0.0000],
          [ 0.4540,  1.0000,  0.0000],
          [ 0.4540,  1.0000,  0.0000],
          ...,
          [ 0.4540,  1.0000,  0.0000],
          [ 0.4540,  1.0000,  0.0000],
          [ 0.4540,  1.0000,  0.0000]],

         [[ 0.4521,  1.0000,  0.0000],
          [ 0.4521,  1.0000,  0.0000],
          [ 0.4521,  1.0000,  0.0000],
          ...,
          [ 0.4521,  1.0000,  0.0000],
          [ 0.4521,  1.0000,  0.0000],
          [ 0.4521,  1.0000,  0.0000]],

         ...,

         [[-0.0027,  1.0000,  0.0000],
          [-0.0027,  1.0000,  0.0000],
          [-0.0027,  1.0000,  0.0000],
          ...,
          [-0.0027,  1.0000,  0.0000],
          [-0.0027,  1.0000,  0.0000],
          [-0.0027,  1.0000,  0.0000]],

         [[-0.0046,  1.0000,  0.0000],
          [-0.0046,  1.0000,  0.0000],
          [-0.0046,  1.0000,  0.0000],
          ...,
          [-0.0046,  1.0000,  0.0000],
          [-0.0046,  1.0000,  0.0000],
          [-0.0046,  1.0000,  0.0000]],

         [[-0.0065,  1.0000,  0.0000],
          [-0.0065,  1.0000,  0.0000],
          [-0.0065,  1.0000,  0.0000],
          ...,
          [-0.0065,  1.0000,  0.0000],
          [-0.0065,  1.0000,  0.0000],
          [-0.0065,  1.0000,  0.0000]]],


        [[[ 0.0124,  1.0000,  0.0000],
          [ 0.0124,  1.0000,  0.0000],
          [ 0.0124,  1.0000,  0.0000],
          ...,
          [ 0.0124,  1.0000,  0.0000],
          [ 0.0124,  1.0000,  0.0000],
          [ 0.0124,  1.0000,  0.0000]],

         [[ 0.0109,  1.0000,  0.0000],
          [ 0.0109,  1.0000,  0.0000],
          [ 0.0109,  1.0000,  0.0000],
          ...,
          [ 0.0109,  1.0000,  0.0000],
          [ 0.0109,  1.0000,  0.0000],
          [ 0.0109,  1.0000,  0.0000]],

         [[ 0.0094,  1.0000,  0.0000],
          [ 0.0094,  1.0000,  0.0000],
          [ 0.0094,  1.0000,  0.0000],
          ...,
          [ 0.0094,  1.0000,  0.0000],
          [ 0.0094,  1.0000,  0.0000],
          [ 0.0094,  1.0000,  0.0000]],

         ...,

         [[-0.3486,  1.0000,  0.0000],
          [-0.3486,  1.0000,  0.0000],
          [-0.3486,  1.0000,  0.0000],
          ...,
          [-0.3486,  1.0000,  0.0000],
          [-0.3486,  1.0000,  0.0000],
          [-0.3486,  1.0000,  0.0000]],

         [[-0.3501,  1.0000,  0.0000],
          [-0.3501,  1.0000,  0.0000],
          [-0.3501,  1.0000,  0.0000],
          ...,
          [-0.3501,  1.0000,  0.0000],
          [-0.3501,  1.0000,  0.0000],
          [-0.3501,  1.0000,  0.0000]],

         [[-0.3516,  1.0000,  0.0000],
          [-0.3516,  1.0000,  0.0000],
          [-0.3516,  1.0000,  0.0000],
          ...,
          [-0.3516,  1.0000,  0.0000],
          [-0.3516,  1.0000,  0.0000],
          [-0.3516,  1.0000,  0.0000]]],


        ...,


        [[[ 0.1415,  0.8637,  0.0000],
          [ 0.1415,  0.8637,  0.0000],
          [ 0.1415,  0.8637,  0.0000],
          ...,
          [ 0.1415,  0.8637,  0.0000],
          [ 0.1415,  0.8637,  0.0000],
          [ 0.1415,  0.8637,  0.0000]],

         [[ 0.1410,  0.8633,  0.0000],
          [ 0.1410,  0.8633,  0.0000],
          [ 0.1410,  0.8633,  0.0000],
          ...,
          [ 0.1410,  0.8633,  0.0000],
          [ 0.1410,  0.8633,  0.0000],
          [ 0.1410,  0.8633,  0.0000]],

         [[ 0.1405,  0.8630,  0.0000],
          [ 0.1405,  0.8630,  0.0000],
          [ 0.1405,  0.8630,  0.0000],
          ...,
          [ 0.1405,  0.8630,  0.0000],
          [ 0.1405,  0.8630,  0.0000],
          [ 0.1405,  0.8630,  0.0000]],

         ...,

         [[ 0.0162,  0.7810,  0.0000],
          [ 0.0162,  0.7810,  0.0000],
          [ 0.0162,  0.7810,  0.0000],
          ...,
          [ 0.0162,  0.7810,  0.0000],
          [ 0.0162,  0.7810,  0.0000],
          [ 0.0162,  0.7810,  0.0000]],

         [[ 0.0157,  0.7807,  0.0000],
          [ 0.0157,  0.7807,  0.0000],
          [ 0.0157,  0.7807,  0.0000],
          ...,
          [ 0.0157,  0.7807,  0.0000],
          [ 0.0157,  0.7807,  0.0000],
          [ 0.0157,  0.7807,  0.0000]],

         [[ 0.0152,  0.7804,  0.0000],
          [ 0.0152,  0.7804,  0.0000],
          [ 0.0152,  0.7804,  0.0000],
          ...,
          [ 0.0152,  0.7804,  0.0000],
          [ 0.0152,  0.7804,  0.0000],
          [ 0.0152,  0.7804,  0.0000]]],


        [[[ 0.2011,  0.0744,  0.9443],
          [ 0.1854,  0.0763,  0.9580],
          [ 0.1695,  0.1928,  0.9438],
          ...,
          [ 0.1976, -0.0932,  0.8994],
          [ 0.1822,  0.0123,  0.9038],
          [ 0.1946,  0.0982,  0.8931]],

         [[ 0.2009,  0.0737,  0.9443],
          [ 0.1852,  0.0756,  0.9580],
          [ 0.1694,  0.1922,  0.9438],
          ...,
          [ 0.1972, -0.0941,  0.8994],
          [ 0.1819,  0.0115,  0.9038],
          [ 0.1944,  0.0976,  0.8931]],

         [[ 0.2006,  0.0755,  0.9766],
          [ 0.1875,  0.0750,  0.9673],
          [ 0.1718,  0.1917,  0.9717],
          ...,
          [ 0.1941, -0.0897,  0.8809],
          [ 0.1790,  0.0107,  0.9141],
          [ 0.1968,  0.0970,  0.8940]],

         ...,

         [[ 0.2625, -0.1108,  0.9482],
          [ 0.2404, -0.1101,  0.9263],
          [ 0.2439,  0.0214,  0.9282],
          ...,
          [ 0.1891, -0.2967,  0.8618],
          [ 0.1836, -0.1824,  0.9160],
          [ 0.2240, -0.0946,  0.8965]],

         [[ 0.2622, -0.1116,  0.9482],
          [ 0.2402, -0.1108,  0.9263],
          [ 0.2438,  0.0207,  0.9282],
          ...,
          [ 0.1887, -0.2976,  0.8618],
          [ 0.1833, -0.1832,  0.9160],
          [ 0.2237, -0.0954,  0.8965]],

         [[ 0.2620, -0.1124,  0.9482],
          [ 0.2399, -0.1116,  0.9263],
          [ 0.2436,  0.0200,  0.9282],
          ...,
          [ 0.1882, -0.2984,  0.8618],
          [ 0.1829, -0.1840,  0.9160],
          [ 0.2234, -0.0961,  0.8965]]],


        [[[ 0.0162,  1.0000,  0.0000],
          [ 0.0162,  1.0000,  0.0000],
          [ 0.0162,  1.0000,  0.0000],
          ...,
          [ 0.0162,  1.0000,  0.0000],
          [ 0.0162,  1.0000,  0.0000],
          [ 0.0162,  1.0000,  0.0000]],

         [[ 0.0151,  1.0000,  0.0000],
          [ 0.0151,  1.0000,  0.0000],
          [ 0.0151,  1.0000,  0.0000],
          ...,
          [ 0.0151,  1.0000,  0.0000],
          [ 0.0151,  1.0000,  0.0000],
          [ 0.0151,  1.0000,  0.0000]],

         [[ 0.0140,  1.0000,  0.0000],
          [ 0.0140,  1.0000,  0.0000],
          [ 0.0140,  1.0000,  0.0000],
          ...,
          [ 0.0140,  1.0000,  0.0000],
          [ 0.0140,  1.0000,  0.0000],
          [ 0.0140,  1.0000,  0.0000]],

         ...,

         [[-0.2478,  1.0000,  0.0000],
          [-0.2478,  1.0000,  0.0000],
          [-0.2478,  1.0000,  0.0000],
          ...,
          [-0.2478,  1.0000,  0.0000],
          [-0.2478,  1.0000,  0.0000],
          [-0.2478,  1.0000,  0.0000]],

         [[-0.2489,  1.0000,  0.0000],
          [-0.2489,  1.0000,  0.0000],
          [-0.2489,  1.0000,  0.0000],
          ...,
          [-0.2489,  1.0000,  0.0000],
          [-0.2489,  1.0000,  0.0000],
          [-0.2489,  1.0000,  0.0000]],

         [[-0.2500,  1.0000,  0.0000],
          [-0.2500,  1.0000,  0.0000],
          [-0.2500,  1.0000,  0.0000],
          ...,
          [-0.2500,  1.0000,  0.0000],
          [-0.2500,  1.0000,  0.0000],
          [-0.2500,  1.0000,  0.0000]]]])
